ID,prob,log2(prob/prior),related_words
GSE45893,0.003945791320614224,1.5341666270616827,"oral,tongue"
GSE54246,0.0036004573734257283,1.4020321548639343,"oral,tongue"
GSE103822,0.001789196689956842,0.3931639626293072,tongue
GSE75648,0.0017352753021835324,0.34901653334034055,tongue
GSE62125,0.001608909087416763,0.2399347760084627,"oral,tongue"
GSE77303,0.001587407618402321,0.22052460267951204,oral
GSE77304,0.0015870784184430827,0.22022538249404325,oral
GSE101753,0.0015228783901138079,0.16065270778394744,oral
GSE68789,0.001477535529897666,0.11704479109889643,oral
GSE107623,0.0014714340141011094,0.1110748147994849,oral
GSE74131,0.0014555099976937106,0.09537671734541113,oral
GSE104424,0.0014363601733255872,0.07626952452646346,oral
GSE97184,0.0014284170352464637,0.06826921284574732,oral
GSE67525,0.0014155559420195784,0.05522073309377034,oral
GSE85414,0.0014134428164505404,0.05306548552635868,oral
GSE59285,0.0014062001136160996,0.045653884339945244,oral
GSE63943,0.0014040333623741455,0.04342918527650475,oral
GSE41545,0.001403073759713138,0.04244282173997018,"5carboxylcytosine,5formylcytosine,5methylcytosine"
GSE46815,0.0013974039805858206,0.03660112316956962,oral
GSE97571,0.0013918633237510116,0.030869518572067163,oral
GSE98360,0.0013839942550640753,0.02268992256633355,5methylcytosine
GSE48206,0.0013797864044617534,0.018296918464188187,5methylcytosines
GSE81222,0.0013792253329378305,0.017710146682587056,5methylcytosine
GSE59121,0.0013781965389440406,0.016633607704680062,5methylcytosine
GSE44935,0.0013781357678294781,0.01656999114770138,5methylcytosines
GSE56986,0.0013777850788282914,0.016202827274870626,"5carboxylcytosine,5formylcytosine"
GSE72628,0.001376046160911391,0.014380835750871934,5methylcytosine
GSE79883,0.0013759761800304286,0.014307463475915312,5cytosine
GSE52464,0.0013756037177888943,0.013916888277653779,5methylcytosine
GSE70815,0.0013753769057288534,0.013678994464677546,5methylcytosine
GSE89314,0.0013752144561401435,0.013508583679892905,5methylcytosine
GSE42923,0.001374429808957705,0.012685199619600053,5methylcytosine
GSE90976,0.0013742850456394022,0.012533238188415737,5methylcytosine
GSE66832,0.0013724898035132002,0.010647399396602579,5methylcytosine
GSE85674,0.0013724265693625815,0.010580929178107002,5methylcytosine
GSE42990,0.001372161729577255,0.01030250268605047,5methylcytosine
GSE101865,0.001372091760165126,0.010228934756344343,7methylguanylate
GSE86144,0.0013719660890060329,0.010096790925493634,5methylcytosine
GSE71744,0.001371848281106475,0.00997290435763719,5methylcytosine
GSE74254,0.0013706747404440608,0.00873823002019111,5methylcytosine
GSE67245,0.0013698991698108832,0.00792167701132872,5methylcytosine
GSE75589,0.0013690964565955222,0.0070760601749617754,methylguanine
GSE61329,0.0013687046127583038,0.006663092869962152,5methylcytosine
GSE71943,0.0013676094171132793,0.0055082302386977805,5methylcytosine
GSE46700,0.0013674335022581207,0.00532264522450395,5methylcytosine
GSE50198,0.0013661846193609554,0.00400442358008537,5methylcytosine
GSE80346,0.001357706212733419,-0.0049766960404737885,
GSE80446,0.001357706212733419,-0.0049766960404737885,
GSE80444,0.001357706212733419,-0.0049766960404737885,
GSE80436,0.001357706212733419,-0.0049766960404737885,
GSE80433,0.001357706212733419,-0.0049766960404737885,
GSE80353,0.001357706212733419,-0.0049766960404737885,
GSE80425,0.001357706212733419,-0.0049766960404737885,
GSE80473,0.001357706212733419,-0.0049766960404737885,
GSE80354,0.001357706212733419,-0.0049766960404737885,
GSE80378,0.001357706212733419,-0.0049766960404737885,
GSE80375,0.001357706212733419,-0.0049766960404737885,
GSE80465,0.001357706212733419,-0.0049766960404737885,
GSE80036,0.001357706212733419,-0.0049766960404737885,
GSE80044,0.001357706212733419,-0.0049766960404737885,
GSE80083,0.001357706212733419,-0.0049766960404737885,
GSE80087,0.001357706212733419,-0.0049766960404737885,
GSE80101,0.001357706212733419,-0.0049766960404737885,
GSE80102,0.001357706212733419,-0.0049766960404737885,
GSE80113,0.001357706212733419,-0.0049766960404737885,
GSE80120,0.001357706212733419,-0.0049766960404737885,
GSE80121,0.001357706212733419,-0.0049766960404737885,
GSE80122,0.001357706212733419,-0.0049766960404737885,
GSE80128,0.001357706212733419,-0.0049766960404737885,
GSE80155,0.001357706212733419,-0.0049766960404737885,
GSE80160,0.001357706212733419,-0.0049766960404737885,
GSE80232,0.001357706212733419,-0.0049766960404737885,
GSE80166,0.001357706212733419,-0.0049766960404737885,
GSE80168,0.001357706212733419,-0.0049766960404737885,
GSE80187,0.001357706212733419,-0.0049766960404737885,
GSE80204,0.001357706212733419,-0.0049766960404737885,
GSE80206,0.001357706212733419,-0.0049766960404737885,
GSE80222,0.001357706212733419,-0.0049766960404737885,
GSE80503,0.001357706212733419,-0.0049766960404737885,
GSE80262,0.001357706212733419,-0.0049766960404737885,
GSE80268,0.001357706212733419,-0.0049766960404737885,
GSE80280,0.001357706212733419,-0.0049766960404737885,
GSE80288,0.001357706212733419,-0.0049766960404737885,
GSE80304,0.001357706212733419,-0.0049766960404737885,
GSE80312,0.001357706212733419,-0.0049766960404737885,
GSE80326,0.001357706212733419,-0.0049766960404737885,
GSE80162,0.001357706212733419,-0.0049766960404737885,
GSE81095,0.001357706212733419,-0.0049766960404737885,
GSE81097,0.001357706212733419,-0.0049766960404737885,
GSE81103,0.001357706212733419,-0.0049766960404737885,
GSE81115,0.001357706212733419,-0.0049766960404737885,
GSE81117,0.001357706212733419,-0.0049766960404737885,
GSE81125,0.001357706212733419,-0.0049766960404737885,
GSE81140,0.001357706212733419,-0.0049766960404737885,
GSE81149,0.001357706212733419,-0.0049766960404737885,
GSE81181,0.001357706212733419,-0.0049766960404737885,
GSE81191,0.001357706212733419,-0.0049766960404737885,
GSE81193,0.001357706212733419,-0.0049766960404737885,
GSE81197,0.001357706212733419,-0.0049766960404737885,
GSE81206,0.001357706212733419,-0.0049766960404737885,
GSE81212,0.001357706212733419,-0.0049766960404737885,
GSE80041,0.001357706212733419,-0.0049766960404737885,
GSE81237,0.001357706212733419,-0.0049766960404737885,
GSE81251,0.001357706212733419,-0.0049766960404737885,
GSE81257,0.001357706212733419,-0.0049766960404737885,
GSE81275,0.001357706212733419,-0.0049766960404737885,
GSE81282,0.001357706212733419,-0.0049766960404737885,
GSE81283,0.001357706212733419,-0.0049766960404737885,
GSE81285,0.001357706212733419,-0.0049766960404737885,
GSE81286,0.001357706212733419,-0.0049766960404737885,
GSE81311,0.001357706212733419,-0.0049766960404737885,
GSE81316,0.001357706212733419,-0.0049766960404737885,
GSE81329,0.001357706212733419,-0.0049766960404737885,
GSE81357,0.001357706212733419,-0.0049766960404737885,
GSE81367,0.001357706212733419,-0.0049766960404737885,
GSE81380,0.001357706212733419,-0.0049766960404737885,
GSE81384,0.001357706212733419,-0.0049766960404737885,
GSE81230,0.001357706212733419,-0.0049766960404737885,
GSE80550,0.001357706212733419,-0.0049766960404737885,
GSE80561,0.001357706212733419,-0.0049766960404737885,
GSE80587,0.001357706212733419,-0.0049766960404737885,
GSE80588,0.001357706212733419,-0.0049766960404737885,
GSE80597,0.001357706212733419,-0.0049766960404737885,
GSE80623,0.001357706212733419,-0.0049766960404737885,
GSE80636,0.001357706212733419,-0.0049766960404737885,
GSE80664,0.001357706212733419,-0.0049766960404737885,
GSE80669,0.001357706212733419,-0.0049766960404737885,
GSE80671,0.001357706212733419,-0.0049766960404737885,
GSE80678,0.001357706212733419,-0.0049766960404737885,
GSE80682,0.001357706212733419,-0.0049766960404737885,
GSE80707,0.001357706212733419,-0.0049766960404737885,
GSE80708,0.001357706212733419,-0.0049766960404737885,
GSE81091,0.001357706212733419,-0.0049766960404737885,
GSE80776,0.001357706212733419,-0.0049766960404737885,
GSE80804,0.001357706212733419,-0.0049766960404737885,
GSE80810,0.001357706212733419,-0.0049766960404737885,
GSE80812,0.001357706212733419,-0.0049766960404737885,
GSE80958,0.001357706212733419,-0.0049766960404737885,
GSE80960,0.001357706212733419,-0.0049766960404737885,
GSE80964,0.001357706212733419,-0.0049766960404737885,
GSE80972,0.001357706212733419,-0.0049766960404737885,
GSE80976,0.001357706212733419,-0.0049766960404737885,
GSE81017,0.001357706212733419,-0.0049766960404737885,
GSE81044,0.001357706212733419,-0.0049766960404737885,
GSE81055,0.001357706212733419,-0.0049766960404737885,
GSE81066,0.001357706212733419,-0.0049766960404737885,
GSE81079,0.001357706212733419,-0.0049766960404737885,
GSE81082,0.001357706212733419,-0.0049766960404737885,
GSE80745,0.001357706212733419,-0.0049766960404737885,
GSE78973,0.001357706212733419,-0.0049766960404737885,
GSE78974,0.001357706212733419,-0.0049766960404737885,
GSE78996,0.001357706212733419,-0.0049766960404737885,
GSE79013,0.001357706212733419,-0.0049766960404737885,
GSE79014,0.001357706212733419,-0.0049766960404737885,
GSE79018,0.001357706212733419,-0.0049766960404737885,
GSE79020,0.001357706212733419,-0.0049766960404737885,
GSE79028,0.001357706212733419,-0.0049766960404737885,
GSE79035,0.001357706212733419,-0.0049766960404737885,
GSE79039,0.001357706212733419,-0.0049766960404737885,
GSE79061,0.001357706212733419,-0.0049766960404737885,
GSE79068,0.001357706212733419,-0.0049766960404737885,
GSE79086,0.001357706212733419,-0.0049766960404737885,
GSE79087,0.001357706212733419,-0.0049766960404737885,
GSE79902,0.001357706212733419,-0.0049766960404737885,
GSE79105,0.001357706212733419,-0.0049766960404737885,
GSE79108,0.001357706212733419,-0.0049766960404737885,
GSE79115,0.001357706212733419,-0.0049766960404737885,
GSE79124,0.001357706212733419,-0.0049766960404737885,
GSE79137,0.001357706212733419,-0.0049766960404737885,
GSE79169,0.001357706212733419,-0.0049766960404737885,
GSE79174,0.001357706212733419,-0.0049766960404737885,
GSE79180,0.001357706212733419,-0.0049766960404737885,
GSE79199,0.001357706212733419,-0.0049766960404737885,
GSE79244,0.001357706212733419,-0.0049766960404737885,
GSE79252,0.001357706212733419,-0.0049766960404737885,
GSE79260,0.001357706212733419,-0.0049766960404737885,
GSE79291,0.001357706212733419,-0.0049766960404737885,
GSE79313,0.001357706212733419,-0.0049766960404737885,
GSE79352,0.001357706212733419,-0.0049766960404737885,
GSE79095,0.001357706212733419,-0.0049766960404737885,
GSE78497,0.001357706212733419,-0.0049766960404737885,
GSE78499,0.001357706212733419,-0.0049766960404737885,
GSE78505,0.001357706212733419,-0.0049766960404737885,
GSE78510,0.001357706212733419,-0.0049766960404737885,
GSE78514,0.001357706212733419,-0.0049766960404737885,
GSE78691,0.001357706212733419,-0.0049766960404737885,
GSE78696,0.001357706212733419,-0.0049766960404737885,
GSE78701,0.001357706212733419,-0.0049766960404737885,
GSE78706,0.001357706212733419,-0.0049766960404737885,
GSE78708,0.001357706212733419,-0.0049766960404737885,
GSE78728,0.001357706212733419,-0.0049766960404737885,
GSE78730,0.001357706212733419,-0.0049766960404737885,
GSE78752,0.001357706212733419,-0.0049766960404737885,
GSE78760,0.001357706212733419,-0.0049766960404737885,
GSE78772,0.001357706212733419,-0.0049766960404737885,
GSE78971,0.001357706212733419,-0.0049766960404737885,
GSE78795,0.001357706212733419,-0.0049766960404737885,
GSE78809,0.001357706212733419,-0.0049766960404737885,
GSE78816,0.001357706212733419,-0.0049766960404737885,
GSE78845,0.001357706212733419,-0.0049766960404737885,
GSE78849,0.001357706212733419,-0.0049766960404737885,
GSE78855,0.001357706212733419,-0.0049766960404737885,
GSE78902,0.001357706212733419,-0.0049766960404737885,
GSE78905,0.001357706212733419,-0.0049766960404737885,
GSE78907,0.001357706212733419,-0.0049766960404737885,
GSE78938,0.001357706212733419,-0.0049766960404737885,
GSE78948,0.001357706212733419,-0.0049766960404737885,
GSE78962,0.001357706212733419,-0.0049766960404737885,
GSE78964,0.001357706212733419,-0.0049766960404737885,
GSE78965,0.001357706212733419,-0.0049766960404737885,
GSE78966,0.001357706212733419,-0.0049766960404737885,
GSE78781,0.001357706212733419,-0.0049766960404737885,
GSE79696,0.001357706212733419,-0.0049766960404737885,
GSE79698,0.001357706212733419,-0.0049766960404737885,
GSE79700,0.001357706212733419,-0.0049766960404737885,
GSE79702,0.001357706212733419,-0.0049766960404737885,
GSE79723,0.001357706212733419,-0.0049766960404737885,
GSE79729,0.001357706212733419,-0.0049766960404737885,
GSE79739,0.001357706212733419,-0.0049766960404737885,
GSE79756,0.001357706212733419,-0.0049766960404737885,
GSE79758,0.001357706212733419,-0.0049766960404737885,
GSE79790,0.001357706212733419,-0.0049766960404737885,
GSE79791,0.001357706212733419,-0.0049766960404737885,
GSE79796,0.001357706212733419,-0.0049766960404737885,
GSE79812,0.001357706212733419,-0.0049766960404737885,
GSE79814,0.001357706212733419,-0.0049766960404737885,
GSE79818,0.001357706212733419,-0.0049766960404737885,
GSE79363,0.001357706212733419,-0.0049766960404737885,
GSE79848,0.001357706212733419,-0.0049766960404737885,
GSE79863,0.001357706212733419,-0.0049766960404737885,
GSE79889,0.001357706212733419,-0.0049766960404737885,
GSE79898,0.001357706212733419,-0.0049766960404737885,
GSE81385,0.001357706212733419,-0.0049766960404737885,
GSE79903,0.001357706212733419,-0.0049766960404737885,
GSE79929,0.001357706212733419,-0.0049766960404737885,
GSE79937,0.001357706212733419,-0.0049766960404737885,
GSE79941,0.001357706212733419,-0.0049766960404737885,
GSE79951,0.001357706212733419,-0.0049766960404737885,
GSE79975,0.001357706212733419,-0.0049766960404737885,
GSE79993,0.001357706212733419,-0.0049766960404737885,
GSE79996,0.001357706212733419,-0.0049766960404737885,
GSE80010,0.001357706212733419,-0.0049766960404737885,
GSE80032,0.001357706212733419,-0.0049766960404737885,
GSE79824,0.001357706212733419,-0.0049766960404737885,
GSE79374,0.001357706212733419,-0.0049766960404737885,
GSE79403,0.001357706212733419,-0.0049766960404737885,
GSE79408,0.001357706212733419,-0.0049766960404737885,
GSE79409,0.001357706212733419,-0.0049766960404737885,
GSE79410,0.001357706212733419,-0.0049766960404737885,
GSE79416,0.001357706212733419,-0.0049766960404737885,
GSE79423,0.001357706212733419,-0.0049766960404737885,
GSE79436,0.001357706212733419,-0.0049766960404737885,
GSE79437,0.001357706212733419,-0.0049766960404737885,
GSE79443,0.001357706212733419,-0.0049766960404737885,
GSE79452,0.001357706212733419,-0.0049766960404737885,
GSE79457,0.001357706212733419,-0.0049766960404737885,
GSE79484,0.001357706212733419,-0.0049766960404737885,
GSE79487,0.001357706212733419,-0.0049766960404737885,
GSE79510,0.001357706212733419,-0.0049766960404737885,
GSE79685,0.001357706212733419,-0.0049766960404737885,
GSE79525,0.001357706212733419,-0.0049766960404737885,
GSE79535,0.001357706212733419,-0.0049766960404737885,
GSE79543,0.001357706212733419,-0.0049766960404737885,
GSE79551,0.001357706212733419,-0.0049766960404737885,
GSE79561,0.001357706212733419,-0.0049766960404737885,
GSE79578,0.001357706212733419,-0.0049766960404737885,
GSE79580,0.001357706212733419,-0.0049766960404737885,
GSE79600,0.001357706212733419,-0.0049766960404737885,
GSE79602,0.001357706212733419,-0.0049766960404737885,
GSE79606,0.001357706212733419,-0.0049766960404737885,
GSE79632,0.001357706212733419,-0.0049766960404737885,
GSE79633,0.001357706212733419,-0.0049766960404737885,
GSE79638,0.001357706212733419,-0.0049766960404737885,
GSE79661,0.001357706212733419,-0.0049766960404737885,
GSE79672,0.001357706212733419,-0.0049766960404737885,
GSE79519,0.001357706212733419,-0.0049766960404737885,
GSE83978,0.001357706212733419,-0.0049766960404737885,
GSE83991,0.001357706212733419,-0.0049766960404737885,
GSE83993,0.001357706212733419,-0.0049766960404737885,
GSE84037,0.001357706212733419,-0.0049766960404737885,
GSE84050,0.001357706212733419,-0.0049766960404737885,
GSE84055,0.001357706212733419,-0.0049766960404737885,
GSE84061,0.001357706212733419,-0.0049766960404737885,
GSE84063,0.001357706212733419,-0.0049766960404737885,
GSE84078,0.001357706212733419,-0.0049766960404737885,
GSE84112,0.001357706212733419,-0.0049766960404737885,
GSE84125,0.001357706212733419,-0.0049766960404737885,
GSE84137,0.001357706212733419,-0.0049766960404737885,
GSE84138,0.001357706212733419,-0.0049766960404737885,
GSE84139,0.001357706212733419,-0.0049766960404737885,
GSE81489,0.001357706212733419,-0.0049766960404737885,
GSE84148,0.001357706212733419,-0.0049766960404737885,
GSE84158,0.001357706212733419,-0.0049766960404737885,
GSE84160,0.001357706212733419,-0.0049766960404737885,
GSE84164,0.001357706212733419,-0.0049766960404737885,
GSE84175,0.001357706212733419,-0.0049766960404737885,
GSE84208,0.001357706212733419,-0.0049766960404737885,
GSE84234,0.001357706212733419,-0.0049766960404737885,
GSE84252,0.001357706212733419,-0.0049766960404737885,
GSE84256,0.001357706212733419,-0.0049766960404737885,
GSE84257,0.001357706212733419,-0.0049766960404737885,
GSE84264,0.001357706212733419,-0.0049766960404737885,
GSE84271,0.001357706212733419,-0.0049766960404737885,
GSE84299,0.001357706212733419,-0.0049766960404737885,
GSE84302,0.001357706212733419,-0.0049766960404737885,
GSE84308,0.001357706212733419,-0.0049766960404737885,
GSE84145,0.001357706212733419,-0.0049766960404737885,
GSE83567,0.001357706212733419,-0.0049766960404737885,
GSE83580,0.001357706212733419,-0.0049766960404737885,
GSE83624,0.001357706212733419,-0.0049766960404737885,
GSE83636,0.001357706212733419,-0.0049766960404737885,
GSE83651,0.001357706212733419,-0.0049766960404737885,
GSE83684,0.001357706212733419,-0.0049766960404737885,
GSE83688,0.001357706212733419,-0.0049766960404737885,
GSE83720,0.001357706212733419,-0.0049766960404737885,
GSE83734,0.001357706212733419,-0.0049766960404737885,
GSE83736,0.001357706212733419,-0.0049766960404737885,
GSE83755,0.001357706212733419,-0.0049766960404737885,
GSE83760,0.001357706212733419,-0.0049766960404737885,
GSE83762,0.001357706212733419,-0.0049766960404737885,
GSE83795,0.001357706212733419,-0.0049766960404737885,
GSE83796,0.001357706212733419,-0.0049766960404737885,
GSE83964,0.001357706212733419,-0.0049766960404737885,
GSE83823,0.001357706212733419,-0.0049766960404737885,
GSE83841,0.001357706212733419,-0.0049766960404737885,
GSE83848,0.001357706212733419,-0.0049766960404737885,
GSE83855,0.001357706212733419,-0.0049766960404737885,
GSE83865,0.001357706212733419,-0.0049766960404737885,
GSE83867,0.001357706212733419,-0.0049766960404737885,
GSE83868,0.001357706212733419,-0.0049766960404737885,
GSE83873,0.001357706212733419,-0.0049766960404737885,
GSE83876,0.001357706212733419,-0.0049766960404737885,
GSE83885,0.001357706212733419,-0.0049766960404737885,
GSE83931,0.001357706212733419,-0.0049766960404737885,
GSE83940,0.001357706212733419,-0.0049766960404737885,
GSE83948,0.001357706212733419,-0.0049766960404737885,
GSE83961,0.001357706212733419,-0.0049766960404737885,
GSE83963,0.001357706212733419,-0.0049766960404737885,
GSE83809,0.001357706212733419,-0.0049766960404737885,
GSE84665,0.001357706212733419,-0.0049766960404737885,
GSE84681,0.001357706212733419,-0.0049766960404737885,
GSE84703,0.001357706212733419,-0.0049766960404737885,
GSE84724,0.001357706212733419,-0.0049766960404737885,
GSE84737,0.001357706212733419,-0.0049766960404737885,
GSE84759,0.001357706212733419,-0.0049766960404737885,
GSE84786,0.001357706212733419,-0.0049766960404737885,
GSE84794,0.001357706212733419,-0.0049766960404737885,
GSE84803,0.001357706212733419,-0.0049766960404737885,
GSE84804,0.001357706212733419,-0.0049766960404737885,
GSE84812,0.001357706212733419,-0.0049766960404737885,
GSE84820,0.001357706212733419,-0.0049766960404737885,
GSE84832,0.001357706212733419,-0.0049766960404737885,
GSE84857,0.001357706212733419,-0.0049766960404737885,
GSE84329,0.001357706212733419,-0.0049766960404737885,
GSE84873,0.001357706212733419,-0.0049766960404737885,
GSE84874,0.001357706212733419,-0.0049766960404737885,
GSE84878,0.001357706212733419,-0.0049766960404737885,
GSE84892,0.001357706212733419,-0.0049766960404737885,
GSE84899,0.001357706212733419,-0.0049766960404737885,
GSE84914,0.001357706212733419,-0.0049766960404737885,
GSE84919,0.001357706212733419,-0.0049766960404737885,
GSE84922,0.001357706212733419,-0.0049766960404737885,
GSE84927,0.001357706212733419,-0.0049766960404737885,
GSE84942,0.001357706212733419,-0.0049766960404737885,
GSE84943,0.001357706212733419,-0.0049766960404737885,
GSE84945,0.001357706212733419,-0.0049766960404737885,
GSE84946,0.001357706212733419,-0.0049766960404737885,
GSE84953,0.001357706212733419,-0.0049766960404737885,
GSE84961,0.001357706212733419,-0.0049766960404737885,
GSE84861,0.001357706212733419,-0.0049766960404737885,
GSE84341,0.001357706212733419,-0.0049766960404737885,
GSE84357,0.001357706212733419,-0.0049766960404737885,
GSE84370,0.001357706212733419,-0.0049766960404737885,
GSE84374,0.001357706212733419,-0.0049766960404737885,
GSE84377,0.001357706212733419,-0.0049766960404737885,
GSE84378,0.001357706212733419,-0.0049766960404737885,
GSE84379,0.001357706212733419,-0.0049766960404737885,
GSE84383,0.001357706212733419,-0.0049766960404737885,
GSE84386,0.001357706212733419,-0.0049766960404737885,
GSE84410,0.001357706212733419,-0.0049766960404737885,
GSE84447,0.001357706212733419,-0.0049766960404737885,
GSE84448,0.001357706212733419,-0.0049766960404737885,
GSE84450,0.001357706212733419,-0.0049766960404737885,
GSE84458,0.001357706212733419,-0.0049766960404737885,
GSE84462,0.001357706212733419,-0.0049766960404737885,
GSE84651,0.001357706212733419,-0.0049766960404737885,
GSE84481,0.001357706212733419,-0.0049766960404737885,
GSE84492,0.001357706212733419,-0.0049766960404737885,
GSE84498,0.001357706212733419,-0.0049766960404737885,
GSE84517,0.001357706212733419,-0.0049766960404737885,
GSE84526,0.001357706212733419,-0.0049766960404737885,
GSE84527,0.001357706212733419,-0.0049766960404737885,
GSE84534,0.001357706212733419,-0.0049766960404737885,
GSE84535,0.001357706212733419,-0.0049766960404737885,
GSE84545,0.001357706212733419,-0.0049766960404737885,
GSE84547,0.001357706212733419,-0.0049766960404737885,
GSE84548,0.001357706212733419,-0.0049766960404737885,
GSE84553,0.001357706212733419,-0.0049766960404737885,
GSE84586,0.001357706212733419,-0.0049766960404737885,
GSE84592,0.001357706212733419,-0.0049766960404737885,
GSE84615,0.001357706212733419,-0.0049766960404737885,
GSE84480,0.001357706212733419,-0.0049766960404737885,
GSE81836,0.001357706212733419,-0.0049766960404737885,
GSE81842,0.001357706212733419,-0.0049766960404737885,
GSE81849,0.001357706212733419,-0.0049766960404737885,
GSE81875,0.001357706212733419,-0.0049766960404737885,
GSE81882,0.001357706212733419,-0.0049766960404737885,
GSE81885,0.001357706212733419,-0.0049766960404737885,
GSE81889,0.001357706212733419,-0.0049766960404737885,
GSE81902,0.001357706212733419,-0.0049766960404737885,
GSE81903,0.001357706212733419,-0.0049766960404737885,
GSE81904,0.001357706212733419,-0.0049766960404737885,
GSE81925,0.001357706212733419,-0.0049766960404737885,
GSE81940,0.001357706212733419,-0.0049766960404737885,
GSE81941,0.001357706212733419,-0.0049766960404737885,
GSE81990,0.001357706212733419,-0.0049766960404737885,
GSE83555,0.001357706212733419,-0.0049766960404737885,
GSE82000,0.001357706212733419,-0.0049766960404737885,
GSE82002,0.001357706212733419,-0.0049766960404737885,
GSE82005,0.001357706212733419,-0.0049766960404737885,
GSE82008,0.001357706212733419,-0.0049766960404737885,
GSE82013,0.001357706212733419,-0.0049766960404737885,
GSE82014,0.001357706212733419,-0.0049766960404737885,
GSE82031,0.001357706212733419,-0.0049766960404737885,
GSE82043,0.001357706212733419,-0.0049766960404737885,
GSE82068,0.001357706212733419,-0.0049766960404737885,
GSE82072,0.001357706212733419,-0.0049766960404737885,
GSE82073,0.001357706212733419,-0.0049766960404737885,
GSE82076,0.001357706212733419,-0.0049766960404737885,
GSE82099,0.001357706212733419,-0.0049766960404737885,
GSE82127,0.001357706212733419,-0.0049766960404737885,
GSE82144,0.001357706212733419,-0.0049766960404737885,
GSE81999,0.001357706212733419,-0.0049766960404737885,
GSE81390,0.001357706212733419,-0.0049766960404737885,
GSE81411,0.001357706212733419,-0.0049766960404737885,
GSE81420,0.001357706212733419,-0.0049766960404737885,
GSE81421,0.001357706212733419,-0.0049766960404737885,
GSE81424,0.001357706212733419,-0.0049766960404737885,
GSE81432,0.001357706212733419,-0.0049766960404737885,
GSE81441,0.001357706212733419,-0.0049766960404737885,
GSE81466,0.001357706212733419,-0.0049766960404737885,
GSE81467,0.001357706212733419,-0.0049766960404737885,
GSE81470,0.001357706212733419,-0.0049766960404737885,
GSE81476,0.001357706212733419,-0.0049766960404737885,
GSE78274,0.001357706212733419,-0.0049766960404737885,
GSE81492,0.001357706212733419,-0.0049766960404737885,
GSE81494,0.001357706212733419,-0.0049766960404737885,
GSE81505,0.001357706212733419,-0.0049766960404737885,
GSE81830,0.001357706212733419,-0.0049766960404737885,
GSE81555,0.001357706212733419,-0.0049766960404737885,
GSE81559,0.001357706212733419,-0.0049766960404737885,
GSE81575,0.001357706212733419,-0.0049766960404737885,
GSE81576,0.001357706212733419,-0.0049766960404737885,
GSE81587,0.001357706212733419,-0.0049766960404737885,
GSE81670,0.001357706212733419,-0.0049766960404737885,
GSE81672,0.001357706212733419,-0.0049766960404737885,
GSE81682,0.001357706212733419,-0.0049766960404737885,
GSE81686,0.001357706212733419,-0.0049766960404737885,
GSE81716,0.001357706212733419,-0.0049766960404737885,
GSE81724,0.001357706212733419,-0.0049766960404737885,
GSE81741,0.001357706212733419,-0.0049766960404737885,
GSE81783,0.001357706212733419,-0.0049766960404737885,
GSE81789,0.001357706212733419,-0.0049766960404737885,
GSE81803,0.001357706212733419,-0.0049766960404737885,
GSE81530,0.001357706212733419,-0.0049766960404737885,
GSE83253,0.001357706212733419,-0.0049766960404737885,
GSE83264,0.001357706212733419,-0.0049766960404737885,
GSE83265,0.001357706212733419,-0.0049766960404737885,
GSE83295,0.001357706212733419,-0.0049766960404737885,
GSE83298,0.001357706212733419,-0.0049766960404737885,
GSE83311,0.001357706212733419,-0.0049766960404737885,
GSE83312,0.001357706212733419,-0.0049766960404737885,
GSE83315,0.001357706212733419,-0.0049766960404737885,
GSE83332,0.001357706212733419,-0.0049766960404737885,
GSE83338,0.001357706212733419,-0.0049766960404737885,
GSE83340,0.001357706212733419,-0.0049766960404737885,
GSE83350,0.001357706212733419,-0.0049766960404737885,
GSE83351,0.001357706212733419,-0.0049766960404737885,
GSE83356,0.001357706212733419,-0.0049766960404737885,
GSE82157,0.001357706212733419,-0.0049766960404737885,
GSE83368,0.001357706212733419,-0.0049766960404737885,
GSE83373,0.001357706212733419,-0.0049766960404737885,
GSE83394,0.001357706212733419,-0.0049766960404737885,
GSE83405,0.001357706212733419,-0.0049766960404737885,
GSE83436,0.001357706212733419,-0.0049766960404737885,
GSE83465,0.001357706212733419,-0.0049766960404737885,
GSE83467,0.001357706212733419,-0.0049766960404737885,
GSE83471,0.001357706212733419,-0.0049766960404737885,
GSE83474,0.001357706212733419,-0.0049766960404737885,
GSE83483,0.001357706212733419,-0.0049766960404737885,
GSE83506,0.001357706212733419,-0.0049766960404737885,
GSE83529,0.001357706212733419,-0.0049766960404737885,
GSE83541,0.001357706212733419,-0.0049766960404737885,
GSE83550,0.001357706212733419,-0.0049766960404737885,
GSE83552,0.001357706212733419,-0.0049766960404737885,
GSE83358,0.001357706212733419,-0.0049766960404737885,
GSE82158,0.001357706212733419,-0.0049766960404737885,
GSE82164,0.001357706212733419,-0.0049766960404737885,
GSE82174,0.001357706212733419,-0.0049766960404737885,
GSE82180,0.001357706212733419,-0.0049766960404737885,
GSE82185,0.001357706212733419,-0.0049766960404737885,
GSE82187,0.001357706212733419,-0.0049766960404737885,
GSE82192,0.001357706212733419,-0.0049766960404737885,
GSE82210,0.001357706212733419,-0.0049766960404737885,
GSE82229,0.001357706212733419,-0.0049766960404737885,
GSE82230,0.001357706212733419,-0.0049766960404737885,
GSE82255,0.001357706212733419,-0.0049766960404737885,
GSE82275,0.001357706212733419,-0.0049766960404737885,
GSE82282,0.001357706212733419,-0.0049766960404737885,
GSE82294,0.001357706212733419,-0.0049766960404737885,
GSE82300,0.001357706212733419,-0.0049766960404737885,
GSE83251,0.001357706212733419,-0.0049766960404737885,
GSE83099,0.001357706212733419,-0.0049766960404737885,
GSE83114,0.001357706212733419,-0.0049766960404737885,
GSE83127,0.001357706212733419,-0.0049766960404737885,
GSE83134,0.001357706212733419,-0.0049766960404737885,
GSE83144,0.001357706212733419,-0.0049766960404737885,
GSE83145,0.001357706212733419,-0.0049766960404737885,
GSE83153,0.001357706212733419,-0.0049766960404737885,
GSE83204,0.001357706212733419,-0.0049766960404737885,
GSE83217,0.001357706212733419,-0.0049766960404737885,
GSE83218,0.001357706212733419,-0.0049766960404737885,
GSE83222,0.001357706212733419,-0.0049766960404737885,
GSE83226,0.001357706212733419,-0.0049766960404737885,
GSE83229,0.001357706212733419,-0.0049766960404737885,
GSE83240,0.001357706212733419,-0.0049766960404737885,
GSE83243,0.001357706212733419,-0.0049766960404737885,
GSE83084,0.001357706212733419,-0.0049766960404737885,
GSE74552,0.001357706212733419,-0.0049766960404737885,
GSE74558,0.001357706212733419,-0.0049766960404737885,
GSE74570,0.001357706212733419,-0.0049766960404737885,
GSE74583,0.001357706212733419,-0.0049766960404737885,
GSE74594,0.001357706212733419,-0.0049766960404737885,
GSE74630,0.001357706212733419,-0.0049766960404737885,
GSE74643,0.001357706212733419,-0.0049766960404737885,
GSE74647,0.001357706212733419,-0.0049766960404737885,
GSE74650,0.001357706212733419,-0.0049766960404737885,
GSE74660,0.001357706212733419,-0.0049766960404737885,
GSE74672,0.001357706212733419,-0.0049766960404737885,
GSE74679,0.001357706212733419,-0.0049766960404737885,
GSE74682,0.001357706212733419,-0.0049766960404737885,
GSE74683,0.001357706212733419,-0.0049766960404737885,
GSE78183,0.001357706212733419,-0.0049766960404737885,
GSE74720,0.001357706212733419,-0.0049766960404737885,
GSE74724,0.001357706212733419,-0.0049766960404737885,
GSE74746,0.001357706212733419,-0.0049766960404737885,
GSE74747,0.001357706212733419,-0.0049766960404737885,
GSE74750,0.001357706212733419,-0.0049766960404737885,
GSE74762,0.001357706212733419,-0.0049766960404737885,
GSE74804,0.001357706212733419,-0.0049766960404737885,
GSE74822,0.001357706212733419,-0.0049766960404737885,
GSE74855,0.001357706212733419,-0.0049766960404737885,
GSE74868,0.001357706212733419,-0.0049766960404737885,
GSE74889,0.001357706212733419,-0.0049766960404737885,
GSE74890,0.001357706212733419,-0.0049766960404737885,
GSE74893,0.001357706212733419,-0.0049766960404737885,
GSE74900,0.001357706212733419,-0.0049766960404737885,
GSE74920,0.001357706212733419,-0.0049766960404737885,
GSE74690,0.001357706212733419,-0.0049766960404737885,
GSE74149,0.001357706212733419,-0.0049766960404737885,
GSE74155,0.001357706212733419,-0.0049766960404737885,
GSE74157,0.001357706212733419,-0.0049766960404737885,
GSE74161,0.001357706212733419,-0.0049766960404737885,
GSE74170,0.001357706212733419,-0.0049766960404737885,
GSE74176,0.001357706212733419,-0.0049766960404737885,
GSE74178,0.001357706212733419,-0.0049766960404737885,
GSE74189,0.001357706212733419,-0.0049766960404737885,
GSE74215,0.001357706212733419,-0.0049766960404737885,
GSE74274,0.001357706212733419,-0.0049766960404737885,
GSE74278,0.001357706212733419,-0.0049766960404737885,
GSE74283,0.001357706212733419,-0.0049766960404737885,
GSE74290,0.001357706212733419,-0.0049766960404737885,
GSE74315,0.001357706212733419,-0.0049766960404737885,
GSE74344,0.001357706212733419,-0.0049766960404737885,
GSE74549,0.001357706212733419,-0.0049766960404737885,
GSE74371,0.001357706212733419,-0.0049766960404737885,
GSE74381,0.001357706212733419,-0.0049766960404737885,
GSE74406,0.001357706212733419,-0.0049766960404737885,
GSE74423,0.001357706212733419,-0.0049766960404737885,
GSE74429,0.001357706212733419,-0.0049766960404737885,
GSE74456,0.001357706212733419,-0.0049766960404737885,
GSE74467,0.001357706212733419,-0.0049766960404737885,
GSE74490,0.001357706212733419,-0.0049766960404737885,
GSE74506,0.001357706212733419,-0.0049766960404737885,
GSE74517,0.001357706212733419,-0.0049766960404737885,
GSE74518,0.001357706212733419,-0.0049766960404737885,
GSE74528,0.001357706212733419,-0.0049766960404737885,
GSE74534,0.001357706212733419,-0.0049766960404737885,
GSE74537,0.001357706212733419,-0.0049766960404737885,
GSE74547,0.001357706212733419,-0.0049766960404737885,
GSE74366,0.001357706212733419,-0.0049766960404737885,
GSE75330,0.001357706212733419,-0.0049766960404737885,
GSE75332,0.001357706212733419,-0.0049766960404737885,
GSE75357,0.001357706212733419,-0.0049766960404737885,
GSE75386,0.001357706212733419,-0.0049766960404737885,
GSE75413,0.001357706212733419,-0.0049766960404737885,
GSE75417,0.001357706212733419,-0.0049766960404737885,
GSE75426,0.001357706212733419,-0.0049766960404737885,
GSE75431,0.001357706212733419,-0.0049766960404737885,
GSE75453,0.001357706212733419,-0.0049766960404737885,
GSE75470,0.001357706212733419,-0.0049766960404737885,
GSE75477,0.001357706212733419,-0.0049766960404737885,
GSE75484,0.001357706212733419,-0.0049766960404737885,
GSE75510,0.001357706212733419,-0.0049766960404737885,
GSE75522,0.001357706212733419,-0.0049766960404737885,
GSE74923,0.001357706212733419,-0.0049766960404737885,
GSE75549,0.001357706212733419,-0.0049766960404737885,
GSE75576,0.001357706212733419,-0.0049766960404737885,
GSE75579,0.001357706212733419,-0.0049766960404737885,
GSE75580,0.001357706212733419,-0.0049766960404737885,
GSE75596,0.001357706212733419,-0.0049766960404737885,
GSE75599,0.001357706212733419,-0.0049766960404737885,
GSE75615,0.001357706212733419,-0.0049766960404737885,
GSE75616,0.001357706212733419,-0.0049766960404737885,
GSE75631,0.001357706212733419,-0.0049766960404737885,
GSE75639,0.001357706212733419,-0.0049766960404737885,
GSE75667,0.001357706212733419,-0.0049766960404737885,
GSE75668,0.001357706212733419,-0.0049766960404737885,
GSE75691,0.001357706212733419,-0.0049766960404737885,
GSE75706,0.001357706212733419,-0.0049766960404737885,
GSE75714,0.001357706212733419,-0.0049766960404737885,
GSE75544,0.001357706212733419,-0.0049766960404737885,
GSE74938,0.001357706212733419,-0.0049766960404737885,
GSE74957,0.001357706212733419,-0.0049766960404737885,
GSE74961,0.001357706212733419,-0.0049766960404737885,
GSE74966,0.001357706212733419,-0.0049766960404737885,
GSE74973,0.001357706212733419,-0.0049766960404737885,
GSE74980,0.001357706212733419,-0.0049766960404737885,
GSE74985,0.001357706212733419,-0.0049766960404737885,
GSE75000,0.001357706212733419,-0.0049766960404737885,
GSE75001,0.001357706212733419,-0.0049766960404737885,
GSE75028,0.001357706212733419,-0.0049766960404737885,
GSE75038,0.001357706212733419,-0.0049766960404737885,
GSE75044,0.001357706212733419,-0.0049766960404737885,
GSE75049,0.001357706212733419,-0.0049766960404737885,
GSE75054,0.001357706212733419,-0.0049766960404737885,
GSE75064,0.001357706212733419,-0.0049766960404737885,
GSE75318,0.001357706212733419,-0.0049766960404737885,
GSE75074,0.001357706212733419,-0.0049766960404737885,
GSE75077,0.001357706212733419,-0.0049766960404737885,
GSE75103,0.001357706212733419,-0.0049766960404737885,
GSE75104,0.001357706212733419,-0.0049766960404737885,
GSE75105,0.001357706212733419,-0.0049766960404737885,
GSE75106,0.001357706212733419,-0.0049766960404737885,
GSE75154,0.001357706212733419,-0.0049766960404737885,
GSE75176,0.001357706212733419,-0.0049766960404737885,
GSE75192,0.001357706212733419,-0.0049766960404737885,
GSE75210,0.001357706212733419,-0.0049766960404737885,
GSE75219,0.001357706212733419,-0.0049766960404737885,
GSE75229,0.001357706212733419,-0.0049766960404737885,
GSE75242,0.001357706212733419,-0.0049766960404737885,
GSE75246,0.001357706212733419,-0.0049766960404737885,
GSE75300,0.001357706212733419,-0.0049766960404737885,
GSE75066,0.001357706212733419,-0.0049766960404737885,
GSE72831,0.001357706212733419,-0.0049766960404737885,
GSE72833,0.001357706212733419,-0.0049766960404737885,
GSE72846,0.001357706212733419,-0.0049766960404737885,
GSE72847,0.001357706212733419,-0.0049766960404737885,
GSE72851,0.001357706212733419,-0.0049766960404737885,
GSE72855,0.001357706212733419,-0.0049766960404737885,
GSE72857,0.001357706212733419,-0.0049766960404737885,
GSE72860,0.001357706212733419,-0.0049766960404737885,
GSE72901,0.001357706212733419,-0.0049766960404737885,
GSE72909,0.001357706212733419,-0.0049766960404737885,
GSE72910,0.001357706212733419,-0.0049766960404737885,
GSE72917,0.001357706212733419,-0.0049766960404737885,
GSE72921,0.001357706212733419,-0.0049766960404737885,
GSE72937,0.001357706212733419,-0.0049766960404737885,
GSE74148,0.001357706212733419,-0.0049766960404737885,
GSE72942,0.001357706212733419,-0.0049766960404737885,
GSE72964,0.001357706212733419,-0.0049766960404737885,
GSE72990,0.001357706212733419,-0.0049766960404737885,
GSE73018,0.001357706212733419,-0.0049766960404737885,
GSE73029,0.001357706212733419,-0.0049766960404737885,
GSE73049,0.001357706212733419,-0.0049766960404737885,
GSE73077,0.001357706212733419,-0.0049766960404737885,
GSE73082,0.001357706212733419,-0.0049766960404737885,
GSE73083,0.001357706212733419,-0.0049766960404737885,
GSE73100,0.001357706212733419,-0.0049766960404737885,
GSE73111,0.001357706212733419,-0.0049766960404737885,
GSE73127,0.001357706212733419,-0.0049766960404737885,
GSE73143,0.001357706212733419,-0.0049766960404737885,
GSE73175,0.001357706212733419,-0.0049766960404737885,
GSE73176,0.001357706212733419,-0.0049766960404737885,
GSE72941,0.001357706212733419,-0.0049766960404737885,
GSE72442,0.001357706212733419,-0.0049766960404737885,
GSE72480,0.001357706212733419,-0.0049766960404737885,
GSE72487,0.001357706212733419,-0.0049766960404737885,
GSE72491,0.001357706212733419,-0.0049766960404737885,
GSE72494,0.001357706212733419,-0.0049766960404737885,
GSE72521,0.001357706212733419,-0.0049766960404737885,
GSE72537,0.001357706212733419,-0.0049766960404737885,
GSE72546,0.001357706212733419,-0.0049766960404737885,
GSE72550,0.001357706212733419,-0.0049766960404737885,
GSE72552,0.001357706212733419,-0.0049766960404737885,
GSE72560,0.001357706212733419,-0.0049766960404737885,
GSE72568,0.001357706212733419,-0.0049766960404737885,
GSE72574,0.001357706212733419,-0.0049766960404737885,
GSE72590,0.001357706212733419,-0.0049766960404737885,
GSE72596,0.001357706212733419,-0.0049766960404737885,
GSE72826,0.001357706212733419,-0.0049766960404737885,
GSE72607,0.001357706212733419,-0.0049766960404737885,
GSE72664,0.001357706212733419,-0.0049766960404737885,
GSE72671,0.001357706212733419,-0.0049766960404737885,
GSE72700,0.001357706212733419,-0.0049766960404737885,
GSE72710,0.001357706212733419,-0.0049766960404737885,
GSE72724,0.001357706212733419,-0.0049766960404737885,
GSE72726,0.001357706212733419,-0.0049766960404737885,
GSE72737,0.001357706212733419,-0.0049766960404737885,
GSE72744,0.001357706212733419,-0.0049766960404737885,
GSE72761,0.001357706212733419,-0.0049766960404737885,
GSE72762,0.001357706212733419,-0.0049766960404737885,
GSE72764,0.001357706212733419,-0.0049766960404737885,
GSE72808,0.001357706212733419,-0.0049766960404737885,
GSE72811,0.001357706212733419,-0.0049766960404737885,
GSE72823,0.001357706212733419,-0.0049766960404737885,
GSE72601,0.001357706212733419,-0.0049766960404737885,
GSE73693,0.001357706212733419,-0.0049766960404737885,
GSE73697,0.001357706212733419,-0.0049766960404737885,
GSE73698,0.001357706212733419,-0.0049766960404737885,
GSE73711,0.001357706212733419,-0.0049766960404737885,
GSE73729,0.001357706212733419,-0.0049766960404737885,
GSE73743,0.001357706212733419,-0.0049766960404737885,
GSE73787,0.001357706212733419,-0.0049766960404737885,
GSE73803,0.001357706212733419,-0.0049766960404737885,
GSE73813,0.001357706212733419,-0.0049766960404737885,
GSE73823,0.001357706212733419,-0.0049766960404737885,
GSE73836,0.001357706212733419,-0.0049766960404737885,
GSE73859,0.001357706212733419,-0.0049766960404737885,
GSE73861,0.001357706212733419,-0.0049766960404737885,
GSE73881,0.001357706212733419,-0.0049766960404737885,
GSE73897,0.001357706212733419,-0.0049766960404737885,
GSE73216,0.001357706212733419,-0.0049766960404737885,
GSE73932,0.001357706212733419,-0.0049766960404737885,
GSE73977,0.001357706212733419,-0.0049766960404737885,
GSE73984,0.001357706212733419,-0.0049766960404737885,
GSE73993,0.001357706212733419,-0.0049766960404737885,
GSE74001,0.001357706212733419,-0.0049766960404737885,
GSE74018,0.001357706212733419,-0.0049766960404737885,
GSE74049,0.001357706212733419,-0.0049766960404737885,
GSE74052,0.001357706212733419,-0.0049766960404737885,
GSE74055,0.001357706212733419,-0.0049766960404737885,
GSE74064,0.001357706212733419,-0.0049766960404737885,
GSE74065,0.001357706212733419,-0.0049766960404737885,
GSE74094,0.001357706212733419,-0.0049766960404737885,
GSE74111,0.001357706212733419,-0.0049766960404737885,
GSE74113,0.001357706212733419,-0.0049766960404737885,
GSE74138,0.001357706212733419,-0.0049766960404737885,
GSE73909,0.001357706212733419,-0.0049766960404737885,
GSE73221,0.001357706212733419,-0.0049766960404737885,
GSE73225,0.001357706212733419,-0.0049766960404737885,
GSE73238,0.001357706212733419,-0.0049766960404737885,
GSE73271,0.001357706212733419,-0.0049766960404737885,
GSE73272,0.001357706212733419,-0.0049766960404737885,
GSE73279,0.001357706212733419,-0.0049766960404737885,
GSE73289,0.001357706212733419,-0.0049766960404737885,
GSE73308,0.001357706212733419,-0.0049766960404737885,
GSE73336,0.001357706212733419,-0.0049766960404737885,
GSE73352,0.001357706212733419,-0.0049766960404737885,
GSE73357,0.001357706212733419,-0.0049766960404737885,
GSE73369,0.001357706212733419,-0.0049766960404737885,
GSE73372,0.001357706212733419,-0.0049766960404737885,
GSE73381,0.001357706212733419,-0.0049766960404737885,
GSE73391,0.001357706212733419,-0.0049766960404737885,
GSE73653,0.001357706212733419,-0.0049766960404737885,
GSE73436,0.001357706212733419,-0.0049766960404737885,
GSE73438,0.001357706212733419,-0.0049766960404737885,
GSE73447,0.001357706212733419,-0.0049766960404737885,
GSE73457,0.001357706212733419,-0.0049766960404737885,
GSE73467,0.001357706212733419,-0.0049766960404737885,
GSE73532,0.001357706212733419,-0.0049766960404737885,
GSE73536,0.001357706212733419,-0.0049766960404737885,
GSE73541,0.001357706212733419,-0.0049766960404737885,
GSE73559,0.001357706212733419,-0.0049766960404737885,
GSE73560,0.001357706212733419,-0.0049766960404737885,
GSE73561,0.001357706212733419,-0.0049766960404737885,
GSE73562,0.001357706212733419,-0.0049766960404737885,
GSE73574,0.001357706212733419,-0.0049766960404737885,
GSE73611,0.001357706212733419,-0.0049766960404737885,
GSE73631,0.001357706212733419,-0.0049766960404737885,
GSE73413,0.001357706212733419,-0.0049766960404737885,
GSE77323,0.001357706212733419,-0.0049766960404737885,
GSE77324,0.001357706212733419,-0.0049766960404737885,
GSE77351,0.001357706212733419,-0.0049766960404737885,
GSE77357,0.001357706212733419,-0.0049766960404737885,
GSE77374,0.001357706212733419,-0.0049766960404737885,
GSE77375,0.001357706212733419,-0.0049766960404737885,
GSE77390,0.001357706212733419,-0.0049766960404737885,
GSE77410,0.001357706212733419,-0.0049766960404737885,
GSE77420,0.001357706212733419,-0.0049766960404737885,
GSE77441,0.001357706212733419,-0.0049766960404737885,
GSE77449,0.001357706212733419,-0.0049766960404737885,
GSE77453,0.001357706212733419,-0.0049766960404737885,
GSE77454,0.001357706212733419,-0.0049766960404737885,
GSE77456,0.001357706212733419,-0.0049766960404737885,
GSE75715,0.001357706212733419,-0.0049766960404737885,
GSE77471,0.001357706212733419,-0.0049766960404737885,
GSE77472,0.001357706212733419,-0.0049766960404737885,
GSE77476,0.001357706212733419,-0.0049766960404737885,
GSE77482,0.001357706212733419,-0.0049766960404737885,
GSE77494,0.001357706212733419,-0.0049766960404737885,
GSE77514,0.001357706212733419,-0.0049766960404737885,
GSE77534,0.001357706212733419,-0.0049766960404737885,
GSE77541,0.001357706212733419,-0.0049766960404737885,
GSE77547,0.001357706212733419,-0.0049766960404737885,
GSE77550,0.001357706212733419,-0.0049766960404737885,
GSE77569,0.001357706212733419,-0.0049766960404737885,
GSE77586,0.001357706212733419,-0.0049766960404737885,
GSE77588,0.001357706212733419,-0.0049766960404737885,
GSE77623,0.001357706212733419,-0.0049766960404737885,
GSE77625,0.001357706212733419,-0.0049766960404737885,
GSE77458,0.001357706212733419,-0.0049766960404737885,
GSE76909,0.001357706212733419,-0.0049766960404737885,
GSE76926,0.001357706212733419,-0.0049766960404737885,
GSE76929,0.001357706212733419,-0.0049766960404737885,
GSE76932,0.001357706212733419,-0.0049766960404737885,
GSE76983,0.001357706212733419,-0.0049766960404737885,
GSE76988,0.001357706212733419,-0.0049766960404737885,
GSE76992,0.001357706212733419,-0.0049766960404737885,
GSE77003,0.001357706212733419,-0.0049766960404737885,
GSE77005,0.001357706212733419,-0.0049766960404737885,
GSE77007,0.001357706212733419,-0.0049766960404737885,
GSE77010,0.001357706212733419,-0.0049766960404737885,
GSE77029,0.001357706212733419,-0.0049766960404737885,
GSE77051,0.001357706212733419,-0.0049766960404737885,
GSE77067,0.001357706212733419,-0.0049766960404737885,
GSE77076,0.001357706212733419,-0.0049766960404737885,
GSE77319,0.001357706212733419,-0.0049766960404737885,
GSE77083,0.001357706212733419,-0.0049766960404737885,
GSE77105,0.001357706212733419,-0.0049766960404737885,
GSE77107,0.001357706212733419,-0.0049766960404737885,
GSE77113,0.001357706212733419,-0.0049766960404737885,
GSE77115,0.001357706212733419,-0.0049766960404737885,
GSE77133,0.001357706212733419,-0.0049766960404737885,
GSE77172,0.001357706212733419,-0.0049766960404737885,
GSE77185,0.001357706212733419,-0.0049766960404737885,
GSE77188,0.001357706212733419,-0.0049766960404737885,
GSE77195,0.001357706212733419,-0.0049766960404737885,
GSE77197,0.001357706212733419,-0.0049766960404737885,
GSE77214,0.001357706212733419,-0.0049766960404737885,
GSE77243,0.001357706212733419,-0.0049766960404737885,
GSE77256,0.001357706212733419,-0.0049766960404737885,
GSE77262,0.001357706212733419,-0.0049766960404737885,
GSE77081,0.001357706212733419,-0.0049766960404737885,
GSE77893,0.001357706212733419,-0.0049766960404737885,
GSE77894,0.001357706212733419,-0.0049766960404737885,
GSE77896,0.001357706212733419,-0.0049766960404737885,
GSE77941,0.001357706212733419,-0.0049766960404737885,
GSE77967,0.001357706212733419,-0.0049766960404737885,
GSE77988,0.001357706212733419,-0.0049766960404737885,
GSE77997,0.001357706212733419,-0.0049766960404737885,
GSE78045,0.001357706212733419,-0.0049766960404737885,
GSE78056,0.001357706212733419,-0.0049766960404737885,
GSE78082,0.001357706212733419,-0.0049766960404737885,
GSE78084,0.001357706212733419,-0.0049766960404737885,
GSE78105,0.001357706212733419,-0.0049766960404737885,
GSE78127,0.001357706212733419,-0.0049766960404737885,
GSE78128,0.001357706212733419,-0.0049766960404737885,
GSE78130,0.001357706212733419,-0.0049766960404737885,
GSE77636,0.001357706212733419,-0.0049766960404737885,
GSE78143,0.001357706212733419,-0.0049766960404737885,
GSE78146,0.001357706212733419,-0.0049766960404737885,
GSE78151,0.001357706212733419,-0.0049766960404737885,
GSE78156,0.001357706212733419,-0.0049766960404737885,
GSE84987,0.001357706212733419,-0.0049766960404737885,
GSE78184,0.001357706212733419,-0.0049766960404737885,
GSE78209,0.001357706212733419,-0.0049766960404737885,
GSE78224,0.001357706212733419,-0.0049766960404737885,
GSE78228,0.001357706212733419,-0.0049766960404737885,
GSE78240,0.001357706212733419,-0.0049766960404737885,
GSE78241,0.001357706212733419,-0.0049766960404737885,
GSE78247,0.001357706212733419,-0.0049766960404737885,
GSE78270,0.001357706212733419,-0.0049766960404737885,
GSE78272,0.001357706212733419,-0.0049766960404737885,
GSE78273,0.001357706212733419,-0.0049766960404737885,
GSE78140,0.001357706212733419,-0.0049766960404737885,
GSE77645,0.001357706212733419,-0.0049766960404737885,
GSE77646,0.001357706212733419,-0.0049766960404737885,
GSE77647,0.001357706212733419,-0.0049766960404737885,
GSE77652,0.001357706212733419,-0.0049766960404737885,
GSE77656,0.001357706212733419,-0.0049766960404737885,
GSE77681,0.001357706212733419,-0.0049766960404737885,
GSE77693,0.001357706212733419,-0.0049766960404737885,
GSE77695,0.001357706212733419,-0.0049766960404737885,
GSE77703,0.001357706212733419,-0.0049766960404737885,
GSE77705,0.001357706212733419,-0.0049766960404737885,
GSE77715,0.001357706212733419,-0.0049766960404737885,
GSE77717,0.001357706212733419,-0.0049766960404737885,
GSE77720,0.001357706212733419,-0.0049766960404737885,
GSE77722,0.001357706212733419,-0.0049766960404737885,
GSE77729,0.001357706212733419,-0.0049766960404737885,
GSE77892,0.001357706212733419,-0.0049766960404737885,
GSE77740,0.001357706212733419,-0.0049766960404737885,
GSE77744,0.001357706212733419,-0.0049766960404737885,
GSE77769,0.001357706212733419,-0.0049766960404737885,
GSE77778,0.001357706212733419,-0.0049766960404737885,
GSE77793,0.001357706212733419,-0.0049766960404737885,
GSE77795,0.001357706212733419,-0.0049766960404737885,
GSE77798,0.001357706212733419,-0.0049766960404737885,
GSE77801,0.001357706212733419,-0.0049766960404737885,
GSE77846,0.001357706212733419,-0.0049766960404737885,
GSE77847,0.001357706212733419,-0.0049766960404737885,
GSE77851,0.001357706212733419,-0.0049766960404737885,
GSE77857,0.001357706212733419,-0.0049766960404737885,
GSE77862,0.001357706212733419,-0.0049766960404737885,
GSE77885,0.001357706212733419,-0.0049766960404737885,
GSE77891,0.001357706212733419,-0.0049766960404737885,
GSE77736,0.001357706212733419,-0.0049766960404737885,
GSE75966,0.001357706212733419,-0.0049766960404737885,
GSE75976,0.001357706212733419,-0.0049766960404737885,
GSE75984,0.001357706212733419,-0.0049766960404737885,
GSE75993,0.001357706212733419,-0.0049766960404737885,
GSE75995,0.001357706212733419,-0.0049766960404737885,
GSE75997,0.001357706212733419,-0.0049766960404737885,
GSE76005,0.001357706212733419,-0.0049766960404737885,
GSE76010,0.001357706212733419,-0.0049766960404737885,
GSE76017,0.001357706212733419,-0.0049766960404737885,
GSE76026,0.001357706212733419,-0.0049766960404737885,
GSE76030,0.001357706212733419,-0.0049766960404737885,
GSE76033,0.001357706212733419,-0.0049766960404737885,
GSE76062,0.001357706212733419,-0.0049766960404737885,
GSE76069,0.001357706212733419,-0.0049766960404737885,
GSE76868,0.001357706212733419,-0.0049766960404737885,
GSE76093,0.001357706212733419,-0.0049766960404737885,
GSE76095,0.001357706212733419,-0.0049766960404737885,
GSE76097,0.001357706212733419,-0.0049766960404737885,
GSE76102,0.001357706212733419,-0.0049766960404737885,
GSE76123,0.001357706212733419,-0.0049766960404737885,
GSE76130,0.001357706212733419,-0.0049766960404737885,
GSE76132,0.001357706212733419,-0.0049766960404737885,
GSE76133,0.001357706212733419,-0.0049766960404737885,
GSE76138,0.001357706212733419,-0.0049766960404737885,
GSE76140,0.001357706212733419,-0.0049766960404737885,
GSE76143,0.001357706212733419,-0.0049766960404737885,
GSE76157,0.001357706212733419,-0.0049766960404737885,
GSE76183,0.001357706212733419,-0.0049766960404737885,
GSE76184,0.001357706212733419,-0.0049766960404737885,
GSE76186,0.001357706212733419,-0.0049766960404737885,
GSE76075,0.001357706212733419,-0.0049766960404737885,
GSE75735,0.001357706212733419,-0.0049766960404737885,
GSE75737,0.001357706212733419,-0.0049766960404737885,
GSE75738,0.001357706212733419,-0.0049766960404737885,
GSE75751,0.001357706212733419,-0.0049766960404737885,
GSE75760,0.001357706212733419,-0.0049766960404737885,
GSE75761,0.001357706212733419,-0.0049766960404737885,
GSE75762,0.001357706212733419,-0.0049766960404737885,
GSE75767,0.001357706212733419,-0.0049766960404737885,
GSE75775,0.001357706212733419,-0.0049766960404737885,
GSE75778,0.001357706212733419,-0.0049766960404737885,
GSE75787,0.001357706212733419,-0.0049766960404737885,
GSE75804,0.001357706212733419,-0.0049766960404737885,
GSE75809,0.001357706212733419,-0.0049766960404737885,
GSE75816,0.001357706212733419,-0.0049766960404737885,
GSE75826,0.001357706212733419,-0.0049766960404737885,
GSE75957,0.001357706212733419,-0.0049766960404737885,
GSE75851,0.001357706212733419,-0.0049766960404737885,
GSE75854,0.001357706212733419,-0.0049766960404737885,
GSE75858,0.001357706212733419,-0.0049766960404737885,
GSE75878,0.001357706212733419,-0.0049766960404737885,
GSE75889,0.001357706212733419,-0.0049766960404737885,
GSE75896,0.001357706212733419,-0.0049766960404737885,
GSE75901,0.001357706212733419,-0.0049766960404737885,
GSE75907,0.001357706212733419,-0.0049766960404737885,
GSE75909,0.001357706212733419,-0.0049766960404737885,
GSE75925,0.001357706212733419,-0.0049766960404737885,
GSE75931,0.001357706212733419,-0.0049766960404737885,
GSE75936,0.001357706212733419,-0.0049766960404737885,
GSE75944,0.001357706212733419,-0.0049766960404737885,
GSE75946,0.001357706212733419,-0.0049766960404737885,
GSE75951,0.001357706212733419,-0.0049766960404737885,
GSE75832,0.001357706212733419,-0.0049766960404737885,
GSE76565,0.001357706212733419,-0.0049766960404737885,
GSE76567,0.001357706212733419,-0.0049766960404737885,
GSE76587,0.001357706212733419,-0.0049766960404737885,
GSE76602,0.001357706212733419,-0.0049766960404737885,
GSE76606,0.001357706212733419,-0.0049766960404737885,
GSE76609,0.001357706212733419,-0.0049766960404737885,
GSE76619,0.001357706212733419,-0.0049766960404737885,
GSE76634,0.001357706212733419,-0.0049766960404737885,
GSE76642,0.001357706212733419,-0.0049766960404737885,
GSE76678,0.001357706212733419,-0.0049766960404737885,
GSE76687,0.001357706212733419,-0.0049766960404737885,
GSE76711,0.001357706212733419,-0.0049766960404737885,
GSE76722,0.001357706212733419,-0.0049766960404737885,
GSE76724,0.001357706212733419,-0.0049766960404737885,
GSE76733,0.001357706212733419,-0.0049766960404737885,
GSE76190,0.001357706212733419,-0.0049766960404737885,
GSE76749,0.001357706212733419,-0.0049766960404737885,
GSE76752,0.001357706212733419,-0.0049766960404737885,
GSE76755,0.001357706212733419,-0.0049766960404737885,
GSE76771,0.001357706212733419,-0.0049766960404737885,
GSE76772,0.001357706212733419,-0.0049766960404737885,
GSE76776,0.001357706212733419,-0.0049766960404737885,
GSE76779,0.001357706212733419,-0.0049766960404737885,
GSE76824,0.001357706212733419,-0.0049766960404737885,
GSE76837,0.001357706212733419,-0.0049766960404737885,
GSE76838,0.001357706212733419,-0.0049766960404737885,
GSE76840,0.001357706212733419,-0.0049766960404737885,
GSE76853,0.001357706212733419,-0.0049766960404737885,
GSE76857,0.001357706212733419,-0.0049766960404737885,
GSE76864,0.001357706212733419,-0.0049766960404737885,
GSE76865,0.001357706212733419,-0.0049766960404737885,
GSE76748,0.001357706212733419,-0.0049766960404737885,
GSE76198,0.001357706212733419,-0.0049766960404737885,
GSE76205,0.001357706212733419,-0.0049766960404737885,
GSE76215,0.001357706212733419,-0.0049766960404737885,
GSE76217,0.001357706212733419,-0.0049766960404737885,
GSE76222,0.001357706212733419,-0.0049766960404737885,
GSE76223,0.001357706212733419,-0.0049766960404737885,
GSE76245,0.001357706212733419,-0.0049766960404737885,
GSE76253,0.001357706212733419,-0.0049766960404737885,
GSE76254,0.001357706212733419,-0.0049766960404737885,
GSE76261,0.001357706212733419,-0.0049766960404737885,
GSE76279,0.001357706212733419,-0.0049766960404737885,
GSE76288,0.001357706212733419,-0.0049766960404737885,
GSE76291,0.001357706212733419,-0.0049766960404737885,
GSE76294,0.001357706212733419,-0.0049766960404737885,
GSE76303,0.001357706212733419,-0.0049766960404737885,
GSE76552,0.001357706212733419,-0.0049766960404737885,
GSE76315,0.001357706212733419,-0.0049766960404737885,
GSE76316,0.001357706212733419,-0.0049766960404737885,
GSE76317,0.001357706212733419,-0.0049766960404737885,
GSE76356,0.001357706212733419,-0.0049766960404737885,
GSE76359,0.001357706212733419,-0.0049766960404737885,
GSE76362,0.001357706212733419,-0.0049766960404737885,
GSE76408,0.001357706212733419,-0.0049766960404737885,
GSE76410,0.001357706212733419,-0.0049766960404737885,
GSE76419,0.001357706212733419,-0.0049766960404737885,
GSE76458,0.001357706212733419,-0.0049766960404737885,
GSE76466,0.001357706212733419,-0.0049766960404737885,
GSE76482,0.001357706212733419,-0.0049766960404737885,
GSE76498,0.001357706212733419,-0.0049766960404737885,
GSE76504,0.001357706212733419,-0.0049766960404737885,
GSE76505,0.001357706212733419,-0.0049766960404737885,
GSE76309,0.001357706212733419,-0.0049766960404737885,
GSE95008,0.001357706212733419,-0.0049766960404737885,
GSE95016,0.001357706212733419,-0.0049766960404737885,
GSE95052,0.001357706212733419,-0.0049766960404737885,
GSE95053,0.001357706212733419,-0.0049766960404737885,
GSE95056,0.001357706212733419,-0.0049766960404737885,
GSE95074,0.001357706212733419,-0.0049766960404737885,
GSE95102,0.001357706212733419,-0.0049766960404737885,
GSE95105,0.001357706212733419,-0.0049766960404737885,
GSE95108,0.001357706212733419,-0.0049766960404737885,
GSE95111,0.001357706212733419,-0.0049766960404737885,
GSE95138,0.001357706212733419,-0.0049766960404737885,
GSE95141,0.001357706212733419,-0.0049766960404737885,
GSE95145,0.001357706212733419,-0.0049766960404737885,
GSE95156,0.001357706212733419,-0.0049766960404737885,
GSE85131,0.001357706212733419,-0.0049766960404737885,
GSE95182,0.001357706212733419,-0.0049766960404737885,
GSE95224,0.001357706212733419,-0.0049766960404737885,
GSE95251,0.001357706212733419,-0.0049766960404737885,
GSE95257,0.001357706212733419,-0.0049766960404737885,
GSE95260,0.001357706212733419,-0.0049766960404737885,
GSE95315,0.001357706212733419,-0.0049766960404737885,
GSE95337,0.001357706212733419,-0.0049766960404737885,
GSE95341,0.001357706212733419,-0.0049766960404737885,
GSE95363,0.001357706212733419,-0.0049766960404737885,
GSE95376,0.001357706212733419,-0.0049766960404737885,
GSE95383,0.001357706212733419,-0.0049766960404737885,
GSE95401,0.001357706212733419,-0.0049766960404737885,
GSE95411,0.001357706212733419,-0.0049766960404737885,
GSE95424,0.001357706212733419,-0.0049766960404737885,
GSE95428,0.001357706212733419,-0.0049766960404737885,
GSE95168,0.001357706212733419,-0.0049766960404737885,
GSE94597,0.001357706212733419,-0.0049766960404737885,
GSE94602,0.001357706212733419,-0.0049766960404737885,
GSE94626,0.001357706212733419,-0.0049766960404737885,
GSE94641,0.001357706212733419,-0.0049766960404737885,
GSE94653,0.001357706212733419,-0.0049766960404737885,
GSE94659,0.001357706212733419,-0.0049766960404737885,
GSE94661,0.001357706212733419,-0.0049766960404737885,
GSE94671,0.001357706212733419,-0.0049766960404737885,
GSE94673,0.001357706212733419,-0.0049766960404737885,
GSE94685,0.001357706212733419,-0.0049766960404737885,
GSE94749,0.001357706212733419,-0.0049766960404737885,
GSE94761,0.001357706212733419,-0.0049766960404737885,
GSE94768,0.001357706212733419,-0.0049766960404737885,
GSE94774,0.001357706212733419,-0.0049766960404737885,
GSE94778,0.001357706212733419,-0.0049766960404737885,
GSE95002,0.001357706212733419,-0.0049766960404737885,
GSE94802,0.001357706212733419,-0.0049766960404737885,
GSE94813,0.001357706212733419,-0.0049766960404737885,
GSE94814,0.001357706212733419,-0.0049766960404737885,
GSE94821,0.001357706212733419,-0.0049766960404737885,
GSE94839,0.001357706212733419,-0.0049766960404737885,
GSE94840,0.001357706212733419,-0.0049766960404737885,
GSE94843,0.001357706212733419,-0.0049766960404737885,
GSE94852,0.001357706212733419,-0.0049766960404737885,
GSE94857,0.001357706212733419,-0.0049766960404737885,
GSE94883,0.001357706212733419,-0.0049766960404737885,
GSE94920,0.001357706212733419,-0.0049766960404737885,
GSE94939,0.001357706212733419,-0.0049766960404737885,
GSE94949,0.001357706212733419,-0.0049766960404737885,
GSE94965,0.001357706212733419,-0.0049766960404737885,
GSE94967,0.001357706212733419,-0.0049766960404737885,
GSE94791,0.001357706212733419,-0.0049766960404737885,
GSE95830,0.001357706212733419,-0.0049766960404737885,
GSE95832,0.001357706212733419,-0.0049766960404737885,
GSE95833,0.001357706212733419,-0.0049766960404737885,
GSE95835,0.001357706212733419,-0.0049766960404737885,
GSE95859,0.001357706212733419,-0.0049766960404737885,
GSE96054,0.001357706212733419,-0.0049766960404737885,
GSE96055,0.001357706212733419,-0.0049766960404737885,
GSE96059,0.001357706212733419,-0.0049766960404737885,
GSE96061,0.001357706212733419,-0.0049766960404737885,
GSE96086,0.001357706212733419,-0.0049766960404737885,
GSE96093,0.001357706212733419,-0.0049766960404737885,
GSE96096,0.001357706212733419,-0.0049766960404737885,
GSE96103,0.001357706212733419,-0.0049766960404737885,
GSE96104,0.001357706212733419,-0.0049766960404737885,
GSE95432,0.001357706212733419,-0.0049766960404737885,
GSE96107,0.001357706212733419,-0.0049766960404737885,
GSE96518,0.001357706212733419,-0.0049766960404737885,
GSE96526,0.001357706212733419,-0.0049766960404737885,
GSE96539,0.001357706212733419,-0.0049766960404737885,
GSE96541,0.001357706212733419,-0.0049766960404737885,
GSE96552,0.001357706212733419,-0.0049766960404737885,
GSE96561,0.001357706212733419,-0.0049766960404737885,
GSE96592,0.001357706212733419,-0.0049766960404737885,
GSE96607,0.001357706212733419,-0.0049766960404737885,
GSE96626,0.001357706212733419,-0.0049766960404737885,
GSE96627,0.001357706212733419,-0.0049766960404737885,
GSE96630,0.001357706212733419,-0.0049766960404737885,
GSE96638,0.001357706212733419,-0.0049766960404737885,
GSE96644,0.001357706212733419,-0.0049766960404737885,
GSE96661,0.001357706212733419,-0.0049766960404737885,
GSE96105,0.001357706212733419,-0.0049766960404737885,
GSE95434,0.001357706212733419,-0.0049766960404737885,
GSE95436,0.001357706212733419,-0.0049766960404737885,
GSE95445,0.001357706212733419,-0.0049766960404737885,
GSE95448,0.001357706212733419,-0.0049766960404737885,
GSE95478,0.001357706212733419,-0.0049766960404737885,
GSE95487,0.001357706212733419,-0.0049766960404737885,
GSE95519,0.001357706212733419,-0.0049766960404737885,
GSE95533,0.001357706212733419,-0.0049766960404737885,
GSE95537,0.001357706212733419,-0.0049766960404737885,
GSE95583,0.001357706212733419,-0.0049766960404737885,
GSE95602,0.001357706212733419,-0.0049766960404737885,
GSE95629,0.001357706212733419,-0.0049766960404737885,
GSE95631,0.001357706212733419,-0.0049766960404737885,
GSE95649,0.001357706212733419,-0.0049766960404737885,
GSE95661,0.001357706212733419,-0.0049766960404737885,
GSE95826,0.001357706212733419,-0.0049766960404737885,
GSE95672,0.001357706212733419,-0.0049766960404737885,
GSE95682,0.001357706212733419,-0.0049766960404737885,
GSE95685,0.001357706212733419,-0.0049766960404737885,
GSE95687,0.001357706212733419,-0.0049766960404737885,
GSE95688,0.001357706212733419,-0.0049766960404737885,
GSE95692,0.001357706212733419,-0.0049766960404737885,
GSE95701,0.001357706212733419,-0.0049766960404737885,
GSE95712,0.001357706212733419,-0.0049766960404737885,
GSE95734,0.001357706212733419,-0.0049766960404737885,
GSE95739,0.001357706212733419,-0.0049766960404737885,
GSE95740,0.001357706212733419,-0.0049766960404737885,
GSE95752,0.001357706212733419,-0.0049766960404737885,
GSE95762,0.001357706212733419,-0.0049766960404737885,
GSE95782,0.001357706212733419,-0.0049766960404737885,
GSE95811,0.001357706212733419,-0.0049766960404737885,
GSE95663,0.001357706212733419,-0.0049766960404737885,
GSE93331,0.001357706212733419,-0.0049766960404737885,
GSE93339,0.001357706212733419,-0.0049766960404737885,
GSE93374,0.001357706212733419,-0.0049766960404737885,
GSE93379,0.001357706212733419,-0.0049766960404737885,
GSE93380,0.001357706212733419,-0.0049766960404737885,
GSE93381,0.001357706212733419,-0.0049766960404737885,
GSE93394,0.001357706212733419,-0.0049766960404737885,
GSE93412,0.001357706212733419,-0.0049766960404737885,
GSE93416,0.001357706212733419,-0.0049766960404737885,
GSE93431,0.001357706212733419,-0.0049766960404737885,
GSE93524,0.001357706212733419,-0.0049766960404737885,
GSE93537,0.001357706212733419,-0.0049766960404737885,
GSE93554,0.001357706212733419,-0.0049766960404737885,
GSE93558,0.001357706212733419,-0.0049766960404737885,
GSE94595,0.001357706212733419,-0.0049766960404737885,
GSE93573,0.001357706212733419,-0.0049766960404737885,
GSE93574,0.001357706212733419,-0.0049766960404737885,
GSE93581,0.001357706212733419,-0.0049766960404737885,
GSE93585,0.001357706212733419,-0.0049766960404737885,
GSE93591,0.001357706212733419,-0.0049766960404737885,
GSE93604,0.001357706212733419,-0.0049766960404737885,
GSE93622,0.001357706212733419,-0.0049766960404737885,
GSE93655,0.001357706212733419,-0.0049766960404737885,
GSE93670,0.001357706212733419,-0.0049766960404737885,
GSE93678,0.001357706212733419,-0.0049766960404737885,
GSE93682,0.001357706212733419,-0.0049766960404737885,
GSE93702,0.001357706212733419,-0.0049766960404737885,
GSE93729,0.001357706212733419,-0.0049766960404737885,
GSE93753,0.001357706212733419,-0.0049766960404737885,
GSE93764,0.001357706212733419,-0.0049766960404737885,
GSE93570,0.001357706212733419,-0.0049766960404737885,
GSE93006,0.001357706212733419,-0.0049766960404737885,
GSE93007,0.001357706212733419,-0.0049766960404737885,
GSE93010,0.001357706212733419,-0.0049766960404737885,
GSE93017,0.001357706212733419,-0.0049766960404737885,
GSE93027,0.001357706212733419,-0.0049766960404737885,
GSE93031,0.001357706212733419,-0.0049766960404737885,
GSE93034,0.001357706212733419,-0.0049766960404737885,
GSE93043,0.001357706212733419,-0.0049766960404737885,
GSE93061,0.001357706212733419,-0.0049766960404737885,
GSE93085,0.001357706212733419,-0.0049766960404737885,
GSE93127,0.001357706212733419,-0.0049766960404737885,
GSE93131,0.001357706212733419,-0.0049766960404737885,
GSE93132,0.001357706212733419,-0.0049766960404737885,
GSE93154,0.001357706212733419,-0.0049766960404737885,
GSE93167,0.001357706212733419,-0.0049766960404737885,
GSE93325,0.001357706212733419,-0.0049766960404737885,
GSE93180,0.001357706212733419,-0.0049766960404737885,
GSE93202,0.001357706212733419,-0.0049766960404737885,
GSE93230,0.001357706212733419,-0.0049766960404737885,
GSE93238,0.001357706212733419,-0.0049766960404737885,
GSE93252,0.001357706212733419,-0.0049766960404737885,
GSE93267,0.001357706212733419,-0.0049766960404737885,
GSE93279,0.001357706212733419,-0.0049766960404737885,
GSE93293,0.001357706212733419,-0.0049766960404737885,
GSE93306,0.001357706212733419,-0.0049766960404737885,
GSE93309,0.001357706212733419,-0.0049766960404737885,
GSE93313,0.001357706212733419,-0.0049766960404737885,
GSE93314,0.001357706212733419,-0.0049766960404737885,
GSE93318,0.001357706212733419,-0.0049766960404737885,
GSE93319,0.001357706212733419,-0.0049766960404737885,
GSE93320,0.001357706212733419,-0.0049766960404737885,
GSE93179,0.001357706212733419,-0.0049766960404737885,
GSE94246,0.001357706212733419,-0.0049766960404737885,
GSE94257,0.001357706212733419,-0.0049766960404737885,
GSE94263,0.001357706212733419,-0.0049766960404737885,
GSE94264,0.001357706212733419,-0.0049766960404737885,
GSE94271,0.001357706212733419,-0.0049766960404737885,
GSE94297,0.001357706212733419,-0.0049766960404737885,
GSE94306,0.001357706212733419,-0.0049766960404737885,
GSE94324,0.001357706212733419,-0.0049766960404737885,
GSE94333,0.001357706212733419,-0.0049766960404737885,
GSE94364,0.001357706212733419,-0.0049766960404737885,
GSE94373,0.001357706212733419,-0.0049766960404737885,
GSE94382,0.001357706212733419,-0.0049766960404737885,
GSE94383,0.001357706212733419,-0.0049766960404737885,
GSE94385,0.001357706212733419,-0.0049766960404737885,
GSE94387,0.001357706212733419,-0.0049766960404737885,
GSE93774,0.001357706212733419,-0.0049766960404737885,
GSE94413,0.001357706212733419,-0.0049766960404737885,
GSE94444,0.001357706212733419,-0.0049766960404737885,
GSE94481,0.001357706212733419,-0.0049766960404737885,
GSE94482,0.001357706212733419,-0.0049766960404737885,
GSE94525,0.001357706212733419,-0.0049766960404737885,
GSE94534,0.001357706212733419,-0.0049766960404737885,
GSE94543,0.001357706212733419,-0.0049766960404737885,
GSE94546,0.001357706212733419,-0.0049766960404737885,
GSE94554,0.001357706212733419,-0.0049766960404737885,
GSE94559,0.001357706212733419,-0.0049766960404737885,
GSE94560,0.001357706212733419,-0.0049766960404737885,
GSE94566,0.001357706212733419,-0.0049766960404737885,
GSE94579,0.001357706212733419,-0.0049766960404737885,
GSE94581,0.001357706212733419,-0.0049766960404737885,
GSE94583,0.001357706212733419,-0.0049766960404737885,
GSE94388,0.001357706212733419,-0.0049766960404737885,
GSE93787,0.001357706212733419,-0.0049766960404737885,
GSE93796,0.001357706212733419,-0.0049766960404737885,
GSE93820,0.001357706212733419,-0.0049766960404737885,
GSE93824,0.001357706212733419,-0.0049766960404737885,
GSE93827,0.001357706212733419,-0.0049766960404737885,
GSE93856,0.001357706212733419,-0.0049766960404737885,
GSE93866,0.001357706212733419,-0.0049766960404737885,
GSE93867,0.001357706212733419,-0.0049766960404737885,
GSE93909,0.001357706212733419,-0.0049766960404737885,
GSE93918,0.001357706212733419,-0.0049766960404737885,
GSE93941,0.001357706212733419,-0.0049766960404737885,
GSE93946,0.001357706212733419,-0.0049766960404737885,
GSE93947,0.001357706212733419,-0.0049766960404737885,
GSE93974,0.001357706212733419,-0.0049766960404737885,
GSE94011,0.001357706212733419,-0.0049766960404737885,
GSE94239,0.001357706212733419,-0.0049766960404737885,
GSE94054,0.001357706212733419,-0.0049766960404737885,
GSE94059,0.001357706212733419,-0.0049766960404737885,
GSE94072,0.001357706212733419,-0.0049766960404737885,
GSE94082,0.001357706212733419,-0.0049766960404737885,
GSE94085,0.001357706212733419,-0.0049766960404737885,
GSE94098,0.001357706212733419,-0.0049766960404737885,
GSE94118,0.001357706212733419,-0.0049766960404737885,
GSE94121,0.001357706212733419,-0.0049766960404737885,
GSE94132,0.001357706212733419,-0.0049766960404737885,
GSE94133,0.001357706212733419,-0.0049766960404737885,
GSE94135,0.001357706212733419,-0.0049766960404737885,
GSE94136,0.001357706212733419,-0.0049766960404737885,
GSE94142,0.001357706212733419,-0.0049766960404737885,
GSE94144,0.001357706212733419,-0.0049766960404737885,
GSE94238,0.001357706212733419,-0.0049766960404737885,
GSE94018,0.001357706212733419,-0.0049766960404737885,
GSE98778,0.001357706212733419,-0.0049766960404737885,
GSE98782,0.001357706212733419,-0.0049766960404737885,
GSE98794,0.001357706212733419,-0.0049766960404737885,
GSE98802,0.001357706212733419,-0.0049766960404737885,
GSE98816,0.001357706212733419,-0.0049766960404737885,
GSE98831,0.001357706212733419,-0.0049766960404737885,
GSE98838,0.001357706212733419,-0.0049766960404737885,
GSE98839,0.001357706212733419,-0.0049766960404737885,
GSE98844,0.001357706212733419,-0.0049766960404737885,
GSE98860,0.001357706212733419,-0.0049766960404737885,
GSE98875,0.001357706212733419,-0.0049766960404737885,
GSE98877,0.001357706212733419,-0.0049766960404737885,
GSE98901,0.001357706212733419,-0.0049766960404737885,
GSE98906,0.001357706212733419,-0.0049766960404737885,
GSE96679,0.001357706212733419,-0.0049766960404737885,
GSE98960,0.001357706212733419,-0.0049766960404737885,
GSE98964,0.001357706212733419,-0.0049766960404737885,
GSE98969,0.001357706212733419,-0.0049766960404737885,
GSE98988,0.001357706212733419,-0.0049766960404737885,
GSE99049,0.001357706212733419,-0.0049766960404737885,
GSE99058,0.001357706212733419,-0.0049766960404737885,
GSE99061,0.001357706212733419,-0.0049766960404737885,
GSE99076,0.001357706212733419,-0.0049766960404737885,
GSE99078,0.001357706212733419,-0.0049766960404737885,
GSE99093,0.001357706212733419,-0.0049766960404737885,
GSE99101,0.001357706212733419,-0.0049766960404737885,
GSE99112,0.001357706212733419,-0.0049766960404737885,
GSE99120,0.001357706212733419,-0.0049766960404737885,
GSE99121,0.001357706212733419,-0.0049766960404737885,
GSE99144,0.001357706212733419,-0.0049766960404737885,
GSE98910,0.001357706212733419,-0.0049766960404737885,
GSE98436,0.001357706212733419,-0.0049766960404737885,
GSE98451,0.001357706212733419,-0.0049766960404737885,
GSE98468,0.001357706212733419,-0.0049766960404737885,
GSE98469,0.001357706212733419,-0.0049766960404737885,
GSE98473,0.001357706212733419,-0.0049766960404737885,
GSE98479,0.001357706212733419,-0.0049766960404737885,
GSE98492,0.001357706212733419,-0.0049766960404737885,
GSE98496,0.001357706212733419,-0.0049766960404737885,
GSE98507,0.001357706212733419,-0.0049766960404737885,
GSE98510,0.001357706212733419,-0.0049766960404737885,
GSE98517,0.001357706212733419,-0.0049766960404737885,
GSE98527,0.001357706212733419,-0.0049766960404737885,
GSE98562,0.001357706212733419,-0.0049766960404737885,
GSE98563,0.001357706212733419,-0.0049766960404737885,
GSE98567,0.001357706212733419,-0.0049766960404737885,
GSE98765,0.001357706212733419,-0.0049766960404737885,
GSE98592,0.001357706212733419,-0.0049766960404737885,
GSE98622,0.001357706212733419,-0.0049766960404737885,
GSE98650,0.001357706212733419,-0.0049766960404737885,
GSE98666,0.001357706212733419,-0.0049766960404737885,
GSE98668,0.001357706212733419,-0.0049766960404737885,
GSE98671,0.001357706212733419,-0.0049766960404737885,
GSE98689,0.001357706212733419,-0.0049766960404737885,
GSE98690,0.001357706212733419,-0.0049766960404737885,
GSE98700,0.001357706212733419,-0.0049766960404737885,
GSE98723,0.001357706212733419,-0.0049766960404737885,
GSE98724,0.001357706212733419,-0.0049766960404737885,
GSE98725,0.001357706212733419,-0.0049766960404737885,
GSE98739,0.001357706212733419,-0.0049766960404737885,
GSE98759,0.001357706212733419,-0.0049766960404737885,
GSE98760,0.001357706212733419,-0.0049766960404737885,
GSE98585,0.001357706212733419,-0.0049766960404737885,
GSE100070,0.001357706212733419,-0.0049766960404737885,
GSE100098,0.001357706212733419,-0.0049766960404737885,
GSE100102,0.001357706212733419,-0.0049766960404737885,
GSE100106,0.001357706212733419,-0.0049766960404737885,
GSE100175,0.001357706212733419,-0.0049766960404737885,
GSE100212,0.001357706212733419,-0.0049766960404737885,
GSE100217,0.001357706212733419,-0.0049766960404737885,
GSE100222,0.001357706212733419,-0.0049766960404737885,
GSE100225,0.001357706212733419,-0.0049766960404737885,
GSE100244,0.001357706212733419,-0.0049766960404737885,
GSE100265,0.001357706212733419,-0.0049766960404737885,
GSE100276,0.001357706212733419,-0.0049766960404737885,
GSE100277,0.001357706212733419,-0.0049766960404737885,
GSE100278,0.001357706212733419,-0.0049766960404737885,
GSE99658,0.001357706212733419,-0.0049766960404737885,
GSE100356,0.001357706212733419,-0.0049766960404737885,
GSE100385,0.001357706212733419,-0.0049766960404737885,
GSE100389,0.001357706212733419,-0.0049766960404737885,
GSE100397,0.001357706212733419,-0.0049766960404737885,
GSE100406,0.001357706212733419,-0.0049766960404737885,
GSE100411,0.001357706212733419,-0.0049766960404737885,
GSE100425,0.001357706212733419,-0.0049766960404737885,
GSE100426,0.001357706212733419,-0.0049766960404737885,
GSE100457,0.001357706212733419,-0.0049766960404737885,
GSE100464,0.001357706212733419,-0.0049766960404737885,
GSE100473,0.001357706212733419,-0.0049766960404737885,
GSE100532,0.001357706212733419,-0.0049766960404737885,
GSE100560,0.001357706212733419,-0.0049766960404737885,
GSE100570,0.001357706212733419,-0.0049766960404737885,
GSE100597,0.001357706212733419,-0.0049766960404737885,
GSE100332,0.001357706212733419,-0.0049766960404737885,
GSE99659,0.001357706212733419,-0.0049766960404737885,
GSE99670,0.001357706212733419,-0.0049766960404737885,
GSE99684,0.001357706212733419,-0.0049766960404737885,
GSE99701,0.001357706212733419,-0.0049766960404737885,
GSE99709,0.001357706212733419,-0.0049766960404737885,
GSE99735,0.001357706212733419,-0.0049766960404737885,
GSE99765,0.001357706212733419,-0.0049766960404737885,
GSE99771,0.001357706212733419,-0.0049766960404737885,
GSE99774,0.001357706212733419,-0.0049766960404737885,
GSE99783,0.001357706212733419,-0.0049766960404737885,
GSE99784,0.001357706212733419,-0.0049766960404737885,
GSE99787,0.001357706212733419,-0.0049766960404737885,
GSE99791,0.001357706212733419,-0.0049766960404737885,
GSE99808,0.001357706212733419,-0.0049766960404737885,
GSE99811,0.001357706212733419,-0.0049766960404737885,
GSE100067,0.001357706212733419,-0.0049766960404737885,
GSE99849,0.001357706212733419,-0.0049766960404737885,
GSE99866,0.001357706212733419,-0.0049766960404737885,
GSE99924,0.001357706212733419,-0.0049766960404737885,
GSE99933,0.001357706212733419,-0.0049766960404737885,
GSE99938,0.001357706212733419,-0.0049766960404737885,
GSE99954,0.001357706212733419,-0.0049766960404737885,
GSE99957,0.001357706212733419,-0.0049766960404737885,
GSE99970,0.001357706212733419,-0.0049766960404737885,
GSE99971,0.001357706212733419,-0.0049766960404737885,
GSE99972,0.001357706212733419,-0.0049766960404737885,
GSE99973,0.001357706212733419,-0.0049766960404737885,
GSE99974,0.001357706212733419,-0.0049766960404737885,
GSE99975,0.001357706212733419,-0.0049766960404737885,
GSE99977,0.001357706212733419,-0.0049766960404737885,
GSE99989,0.001357706212733419,-0.0049766960404737885,
GSE99815,0.001357706212733419,-0.0049766960404737885,
GSE97060,0.001357706212733419,-0.0049766960404737885,
GSE97062,0.001357706212733419,-0.0049766960404737885,
GSE97077,0.001357706212733419,-0.0049766960404737885,
GSE97078,0.001357706212733419,-0.0049766960404737885,
GSE97101,0.001357706212733419,-0.0049766960404737885,
GSE97115,0.001357706212733419,-0.0049766960404737885,
GSE97118,0.001357706212733419,-0.0049766960404737885,
GSE97120,0.001357706212733419,-0.0049766960404737885,
GSE97126,0.001357706212733419,-0.0049766960404737885,
GSE97137,0.001357706212733419,-0.0049766960404737885,
GSE97148,0.001357706212733419,-0.0049766960404737885,
GSE97181,0.001357706212733419,-0.0049766960404737885,
GSE97195,0.001357706212733419,-0.0049766960404737885,
GSE97196,0.001357706212733419,-0.0049766960404737885,
GSE98423,0.001357706212733419,-0.0049766960404737885,
GSE97235,0.001357706212733419,-0.0049766960404737885,
GSE97249,0.001357706212733419,-0.0049766960404737885,
GSE97261,0.001357706212733419,-0.0049766960404737885,
GSE97270,0.001357706212733419,-0.0049766960404737885,
GSE97281,0.001357706212733419,-0.0049766960404737885,
GSE97321,0.001357706212733419,-0.0049766960404737885,
GSE97344,0.001357706212733419,-0.0049766960404737885,
GSE97353,0.001357706212733419,-0.0049766960404737885,
GSE97354,0.001357706212733419,-0.0049766960404737885,
GSE97375,0.001357706212733419,-0.0049766960404737885,
GSE97381,0.001357706212733419,-0.0049766960404737885,
GSE97389,0.001357706212733419,-0.0049766960404737885,
GSE97390,0.001357706212733419,-0.0049766960404737885,
GSE97399,0.001357706212733419,-0.0049766960404737885,
GSE97439,0.001357706212733419,-0.0049766960404737885,
GSE97234,0.001357706212733419,-0.0049766960404737885,
GSE96680,0.001357706212733419,-0.0049766960404737885,
GSE96684,0.001357706212733419,-0.0049766960404737885,
GSE96685,0.001357706212733419,-0.0049766960404737885,
GSE96690,0.001357706212733419,-0.0049766960404737885,
GSE96700,0.001357706212733419,-0.0049766960404737885,
GSE96707,0.001357706212733419,-0.0049766960404737885,
GSE96724,0.001357706212733419,-0.0049766960404737885,
GSE96729,0.001357706212733419,-0.0049766960404737885,
GSE96738,0.001357706212733419,-0.0049766960404737885,
GSE96766,0.001357706212733419,-0.0049766960404737885,
GSE96818,0.001357706212733419,-0.0049766960404737885,
GSE96819,0.001357706212733419,-0.0049766960404737885,
GSE96870,0.001357706212733419,-0.0049766960404737885,
GSE96889,0.001357706212733419,-0.0049766960404737885,
GSE96919,0.001357706212733419,-0.0049766960404737885,
GSE97054,0.001357706212733419,-0.0049766960404737885,
GSE96939,0.001357706212733419,-0.0049766960404737885,
GSE96950,0.001357706212733419,-0.0049766960404737885,
GSE96957,0.001357706212733419,-0.0049766960404737885,
GSE96960,0.001357706212733419,-0.0049766960404737885,
GSE96966,0.001357706212733419,-0.0049766960404737885,
GSE96968,0.001357706212733419,-0.0049766960404737885,
GSE96972,0.001357706212733419,-0.0049766960404737885,
GSE96988,0.001357706212733419,-0.0049766960404737885,
GSE96991,0.001357706212733419,-0.0049766960404737885,
GSE96998,0.001357706212733419,-0.0049766960404737885,
GSE97013,0.001357706212733419,-0.0049766960404737885,
GSE97026,0.001357706212733419,-0.0049766960404737885,
GSE97027,0.001357706212733419,-0.0049766960404737885,
GSE97032,0.001357706212733419,-0.0049766960404737885,
GSE97037,0.001357706212733419,-0.0049766960404737885,
GSE96938,0.001357706212733419,-0.0049766960404737885,
GSE98003,0.001357706212733419,-0.0049766960404737885,
GSE98027,0.001357706212733419,-0.0049766960404737885,
GSE98034,0.001357706212733419,-0.0049766960404737885,
GSE98040,0.001357706212733419,-0.0049766960404737885,
GSE98041,0.001357706212733419,-0.0049766960404737885,
GSE98048,0.001357706212733419,-0.0049766960404737885,
GSE98063,0.001357706212733419,-0.0049766960404737885,
GSE98082,0.001357706212733419,-0.0049766960404737885,
GSE98086,0.001357706212733419,-0.0049766960404737885,
GSE98132,0.001357706212733419,-0.0049766960404737885,
GSE98133,0.001357706212733419,-0.0049766960404737885,
GSE98140,0.001357706212733419,-0.0049766960404737885,
GSE98142,0.001357706212733419,-0.0049766960404737885,
GSE98158,0.001357706212733419,-0.0049766960404737885,
GSE98167,0.001357706212733419,-0.0049766960404737885,
GSE97445,0.001357706212733419,-0.0049766960404737885,
GSE98197,0.001357706212733419,-0.0049766960404737885,
GSE98232,0.001357706212733419,-0.0049766960404737885,
GSE98255,0.001357706212733419,-0.0049766960404737885,
GSE98262,0.001357706212733419,-0.0049766960404737885,
GSE98297,0.001357706212733419,-0.0049766960404737885,
GSE98299,0.001357706212733419,-0.0049766960404737885,
GSE98347,0.001357706212733419,-0.0049766960404737885,
GSE98356,0.001357706212733419,-0.0049766960404737885,
GSE98359,0.001357706212733419,-0.0049766960404737885,
GSE98387,0.001357706212733419,-0.0049766960404737885,
GSE98388,0.001357706212733419,-0.0049766960404737885,
GSE98401,0.001357706212733419,-0.0049766960404737885,
GSE98413,0.001357706212733419,-0.0049766960404737885,
GSE98415,0.001357706212733419,-0.0049766960404737885,
GSE98418,0.001357706212733419,-0.0049766960404737885,
GSE98168,0.001357706212733419,-0.0049766960404737885,
GSE97450,0.001357706212733419,-0.0049766960404737885,
GSE97461,0.001357706212733419,-0.0049766960404737885,
GSE97462,0.001357706212733419,-0.0049766960404737885,
GSE97464,0.001357706212733419,-0.0049766960404737885,
GSE97489,0.001357706212733419,-0.0049766960404737885,
GSE97534,0.001357706212733419,-0.0049766960404737885,
GSE97544,0.001357706212733419,-0.0049766960404737885,
GSE97579,0.001357706212733419,-0.0049766960404737885,
GSE97618,0.001357706212733419,-0.0049766960404737885,
GSE97654,0.001357706212733419,-0.0049766960404737885,
GSE97690,0.001357706212733419,-0.0049766960404737885,
GSE97716,0.001357706212733419,-0.0049766960404737885,
GSE97718,0.001357706212733419,-0.0049766960404737885,
GSE97721,0.001357706212733419,-0.0049766960404737885,
GSE97732,0.001357706212733419,-0.0049766960404737885,
GSE97996,0.001357706212733419,-0.0049766960404737885,
GSE97762,0.001357706212733419,-0.0049766960404737885,
GSE97764,0.001357706212733419,-0.0049766960404737885,
GSE97804,0.001357706212733419,-0.0049766960404737885,
GSE97859,0.001357706212733419,-0.0049766960404737885,
GSE97870,0.001357706212733419,-0.0049766960404737885,
GSE97875,0.001357706212733419,-0.0049766960404737885,
GSE97891,0.001357706212733419,-0.0049766960404737885,
GSE97914,0.001357706212733419,-0.0049766960404737885,
GSE97925,0.001357706212733419,-0.0049766960404737885,
GSE97939,0.001357706212733419,-0.0049766960404737885,
GSE97941,0.001357706212733419,-0.0049766960404737885,
GSE97947,0.001357706212733419,-0.0049766960404737885,
GSE97954,0.001357706212733419,-0.0049766960404737885,
GSE97955,0.001357706212733419,-0.0049766960404737885,
GSE97993,0.001357706212733419,-0.0049766960404737885,
GSE97735,0.001357706212733419,-0.0049766960404737885,
GSE87104,0.001357706212733419,-0.0049766960404737885,
GSE87113,0.001357706212733419,-0.0049766960404737885,
GSE87119,0.001357706212733419,-0.0049766960404737885,
GSE87127,0.001357706212733419,-0.0049766960404737885,
GSE87130,0.001357706212733419,-0.0049766960404737885,
GSE87144,0.001357706212733419,-0.0049766960404737885,
GSE87181,0.001357706212733419,-0.0049766960404737885,
GSE87183,0.001357706212733419,-0.0049766960404737885,
GSE87202,0.001357706212733419,-0.0049766960404737885,
GSE87212,0.001357706212733419,-0.0049766960404737885,
GSE87219,0.001357706212733419,-0.0049766960404737885,
GSE87266,0.001357706212733419,-0.0049766960404737885,
GSE87293,0.001357706212733419,-0.0049766960404737885,
GSE87299,0.001357706212733419,-0.0049766960404737885,
GSE92999,0.001357706212733419,-0.0049766960404737885,
GSE87321,0.001357706212733419,-0.0049766960404737885,
GSE87341,0.001357706212733419,-0.0049766960404737885,
GSE87344,0.001357706212733419,-0.0049766960404737885,
GSE87354,0.001357706212733419,-0.0049766960404737885,
GSE87366,0.001357706212733419,-0.0049766960404737885,
GSE87375,0.001357706212733419,-0.0049766960404737885,
GSE87386,0.001357706212733419,-0.0049766960404737885,
GSE87387,0.001357706212733419,-0.0049766960404737885,
GSE87388,0.001357706212733419,-0.0049766960404737885,
GSE87404,0.001357706212733419,-0.0049766960404737885,
GSE87450,0.001357706212733419,-0.0049766960404737885,
GSE87453,0.001357706212733419,-0.0049766960404737885,
GSE87464,0.001357706212733419,-0.0049766960404737885,
GSE87478,0.001357706212733419,-0.0049766960404737885,
GSE87504,0.001357706212733419,-0.0049766960404737885,
GSE87315,0.001357706212733419,-0.0049766960404737885,
GSE86609,0.001357706212733419,-0.0049766960404737885,
GSE86623,0.001357706212733419,-0.0049766960404737885,
GSE86631,0.001357706212733419,-0.0049766960404737885,
GSE86780,0.001357706212733419,-0.0049766960404737885,
GSE86788,0.001357706212733419,-0.0049766960404737885,
GSE86790,0.001357706212733419,-0.0049766960404737885,
GSE86817,0.001357706212733419,-0.0049766960404737885,
GSE86837,0.001357706212733419,-0.0049766960404737885,
GSE86840,0.001357706212733419,-0.0049766960404737885,
GSE86850,0.001357706212733419,-0.0049766960404737885,
GSE86865,0.001357706212733419,-0.0049766960404737885,
GSE86868,0.001357706212733419,-0.0049766960404737885,
GSE86895,0.001357706212733419,-0.0049766960404737885,
GSE86901,0.001357706212733419,-0.0049766960404737885,
GSE86907,0.001357706212733419,-0.0049766960404737885,
GSE87084,0.001357706212733419,-0.0049766960404737885,
GSE86922,0.001357706212733419,-0.0049766960404737885,
GSE86927,0.001357706212733419,-0.0049766960404737885,
GSE86929,0.001357706212733419,-0.0049766960404737885,
GSE86949,0.001357706212733419,-0.0049766960404737885,
GSE86955,0.001357706212733419,-0.0049766960404737885,
GSE86962,0.001357706212733419,-0.0049766960404737885,
GSE86976,0.001357706212733419,-0.0049766960404737885,
GSE86997,0.001357706212733419,-0.0049766960404737885,
GSE87027,0.001357706212733419,-0.0049766960404737885,
GSE87043,0.001357706212733419,-0.0049766960404737885,
GSE87046,0.001357706212733419,-0.0049766960404737885,
GSE87050,0.001357706212733419,-0.0049766960404737885,
GSE87051,0.001357706212733419,-0.0049766960404737885,
GSE87068,0.001357706212733419,-0.0049766960404737885,
GSE87069,0.001357706212733419,-0.0049766960404737885,
GSE86909,0.001357706212733419,-0.0049766960404737885,
GSE87836,0.001357706212733419,-0.0049766960404737885,
GSE87837,0.001357706212733419,-0.0049766960404737885,
GSE87862,0.001357706212733419,-0.0049766960404737885,
GSE87870,0.001357706212733419,-0.0049766960404737885,
GSE87890,0.001357706212733419,-0.0049766960404737885,
GSE87899,0.001357706212733419,-0.0049766960404737885,
GSE88700,0.001357706212733419,-0.0049766960404737885,
GSE88706,0.001357706212733419,-0.0049766960404737885,
GSE88709,0.001357706212733419,-0.0049766960404737885,
GSE88732,0.001357706212733419,-0.0049766960404737885,
GSE88745,0.001357706212733419,-0.0049766960404737885,
GSE88761,0.001357706212733419,-0.0049766960404737885,
GSE88764,0.001357706212733419,-0.0049766960404737885,
GSE88777,0.001357706212733419,-0.0049766960404737885,
GSE87511,0.001357706212733419,-0.0049766960404737885,
GSE88779,0.001357706212733419,-0.0049766960404737885,
GSE88789,0.001357706212733419,-0.0049766960404737885,
GSE88791,0.001357706212733419,-0.0049766960404737885,
GSE88801,0.001357706212733419,-0.0049766960404737885,
GSE88814,0.001357706212733419,-0.0049766960404737885,
GSE88818,0.001357706212733419,-0.0049766960404737885,
GSE88829,0.001357706212733419,-0.0049766960404737885,
GSE88830,0.001357706212733419,-0.0049766960404737885,
GSE88836,0.001357706212733419,-0.0049766960404737885,
GSE88840,0.001357706212733419,-0.0049766960404737885,
GSE88841,0.001357706212733419,-0.0049766960404737885,
GSE88905,0.001357706212733419,-0.0049766960404737885,
GSE88908,0.001357706212733419,-0.0049766960404737885,
GSE88949,0.001357706212733419,-0.0049766960404737885,
GSE88959,0.001357706212733419,-0.0049766960404737885,
GSE88778,0.001357706212733419,-0.0049766960404737885,
GSE87512,0.001357706212733419,-0.0049766960404737885,
GSE87519,0.001357706212733419,-0.0049766960404737885,
GSE87527,0.001357706212733419,-0.0049766960404737885,
GSE87531,0.001357706212733419,-0.0049766960404737885,
GSE87542,0.001357706212733419,-0.0049766960404737885,
GSE87544,0.001357706212733419,-0.0049766960404737885,
GSE87550,0.001357706212733419,-0.0049766960404737885,
GSE87561,0.001357706212733419,-0.0049766960404737885,
GSE87565,0.001357706212733419,-0.0049766960404737885,
GSE87569,0.001357706212733419,-0.0049766960404737885,
GSE87578,0.001357706212733419,-0.0049766960404737885,
GSE87586,0.001357706212733419,-0.0049766960404737885,
GSE87602,0.001357706212733419,-0.0049766960404737885,
GSE87606,0.001357706212733419,-0.0049766960404737885,
GSE87608,0.001357706212733419,-0.0049766960404737885,
GSE87824,0.001357706212733419,-0.0049766960404737885,
GSE87631,0.001357706212733419,-0.0049766960404737885,
GSE87632,0.001357706212733419,-0.0049766960404737885,
GSE87633,0.001357706212733419,-0.0049766960404737885,
GSE87635,0.001357706212733419,-0.0049766960404737885,
GSE87644,0.001357706212733419,-0.0049766960404737885,
GSE87647,0.001357706212733419,-0.0049766960404737885,
GSE87681,0.001357706212733419,-0.0049766960404737885,
GSE87694,0.001357706212733419,-0.0049766960404737885,
GSE87743,0.001357706212733419,-0.0049766960404737885,
GSE87758,0.001357706212733419,-0.0049766960404737885,
GSE87795,0.001357706212733419,-0.0049766960404737885,
GSE87799,0.001357706212733419,-0.0049766960404737885,
GSE87800,0.001357706212733419,-0.0049766960404737885,
GSE87808,0.001357706212733419,-0.0049766960404737885,
GSE87821,0.001357706212733419,-0.0049766960404737885,
GSE87623,0.001357706212733419,-0.0049766960404737885,
GSE85423,0.001357706212733419,-0.0049766960404737885,
GSE85450,0.001357706212733419,-0.0049766960404737885,
GSE85462,0.001357706212733419,-0.0049766960404737885,
GSE85484,0.001357706212733419,-0.0049766960404737885,
GSE85491,0.001357706212733419,-0.0049766960404737885,
GSE85498,0.001357706212733419,-0.0049766960404737885,
GSE85505,0.001357706212733419,-0.0049766960404737885,
GSE85512,0.001357706212733419,-0.0049766960404737885,
GSE85513,0.001357706212733419,-0.0049766960404737885,
GSE85519,0.001357706212733419,-0.0049766960404737885,
GSE85520,0.001357706212733419,-0.0049766960404737885,
GSE85532,0.001357706212733419,-0.0049766960404737885,
GSE85535,0.001357706212733419,-0.0049766960404737885,
GSE85553,0.001357706212733419,-0.0049766960404737885,
GSE86573,0.001357706212733419,-0.0049766960404737885,
GSE85597,0.001357706212733419,-0.0049766960404737885,
GSE85627,0.001357706212733419,-0.0049766960404737885,
GSE85641,0.001357706212733419,-0.0049766960404737885,
GSE85642,0.001357706212733419,-0.0049766960404737885,
GSE85646,0.001357706212733419,-0.0049766960404737885,
GSE85648,0.001357706212733419,-0.0049766960404737885,
GSE85657,0.001357706212733419,-0.0049766960404737885,
GSE85690,0.001357706212733419,-0.0049766960404737885,
GSE85702,0.001357706212733419,-0.0049766960404737885,
GSE85717,0.001357706212733419,-0.0049766960404737885,
GSE85721,0.001357706212733419,-0.0049766960404737885,
GSE85723,0.001357706212733419,-0.0049766960404737885,
GSE85727,0.001357706212733419,-0.0049766960404737885,
GSE85731,0.001357706212733419,-0.0049766960404737885,
GSE85737,0.001357706212733419,-0.0049766960404737885,
GSE85576,0.001357706212733419,-0.0049766960404737885,
GSE84989,0.001357706212733419,-0.0049766960404737885,
GSE84993,0.001357706212733419,-0.0049766960404737885,
GSE84994,0.001357706212733419,-0.0049766960404737885,
GSE84996,0.001357706212733419,-0.0049766960404737885,
GSE85018,0.001357706212733419,-0.0049766960404737885,
GSE85019,0.001357706212733419,-0.0049766960404737885,
GSE85039,0.001357706212733419,-0.0049766960404737885,
GSE85049,0.001357706212733419,-0.0049766960404737885,
GSE85061,0.001357706212733419,-0.0049766960404737885,
GSE85098,0.001357706212733419,-0.0049766960404737885,
GSE85128,0.001357706212733419,-0.0049766960404737885,
GSE72410,0.001357706212733419,-0.0049766960404737885,
GSE85136,0.001357706212733419,-0.0049766960404737885,
GSE85152,0.001357706212733419,-0.0049766960404737885,
GSE85154,0.001357706212733419,-0.0049766960404737885,
GSE85422,0.001357706212733419,-0.0049766960404737885,
GSE85209,0.001357706212733419,-0.0049766960404737885,
GSE85234,0.001357706212733419,-0.0049766960404737885,
GSE85249,0.001357706212733419,-0.0049766960404737885,
GSE85266,0.001357706212733419,-0.0049766960404737885,
GSE85278,0.001357706212733419,-0.0049766960404737885,
GSE85302,0.001357706212733419,-0.0049766960404737885,
GSE85303,0.001357706212733419,-0.0049766960404737885,
GSE85308,0.001357706212733419,-0.0049766960404737885,
GSE85316,0.001357706212733419,-0.0049766960404737885,
GSE85329,0.001357706212733419,-0.0049766960404737885,
GSE85360,0.001357706212733419,-0.0049766960404737885,
GSE85385,0.001357706212733419,-0.0049766960404737885,
GSE85388,0.001357706212733419,-0.0049766960404737885,
GSE85391,0.001357706212733419,-0.0049766960404737885,
GSE85412,0.001357706212733419,-0.0049766960404737885,
GSE85193,0.001357706212733419,-0.0049766960404737885,
GSE86187,0.001357706212733419,-0.0049766960404737885,
GSE86188,0.001357706212733419,-0.0049766960404737885,
GSE86199,0.001357706212733419,-0.0049766960404737885,
GSE86204,0.001357706212733419,-0.0049766960404737885,
GSE86209,0.001357706212733419,-0.0049766960404737885,
GSE86235,0.001357706212733419,-0.0049766960404737885,
GSE86248,0.001357706212733419,-0.0049766960404737885,
GSE86261,0.001357706212733419,-0.0049766960404737885,
GSE86280,0.001357706212733419,-0.0049766960404737885,
GSE86288,0.001357706212733419,-0.0049766960404737885,
GSE86297,0.001357706212733419,-0.0049766960404737885,
GSE86301,0.001357706212733419,-0.0049766960404737885,
GSE86310,0.001357706212733419,-0.0049766960404737885,
GSE86315,0.001357706212733419,-0.0049766960404737885,
GSE86318,0.001357706212733419,-0.0049766960404737885,
GSE85745,0.001357706212733419,-0.0049766960404737885,
GSE86339,0.001357706212733419,-0.0049766960404737885,
GSE86366,0.001357706212733419,-0.0049766960404737885,
GSE86389,0.001357706212733419,-0.0049766960404737885,
GSE86396,0.001357706212733419,-0.0049766960404737885,
GSE86400,0.001357706212733419,-0.0049766960404737885,
GSE86417,0.001357706212733419,-0.0049766960404737885,
GSE86418,0.001357706212733419,-0.0049766960404737885,
GSE86442,0.001357706212733419,-0.0049766960404737885,
GSE86460,0.001357706212733419,-0.0049766960404737885,
GSE86479,0.001357706212733419,-0.0049766960404737885,
GSE86507,0.001357706212733419,-0.0049766960404737885,
GSE86520,0.001357706212733419,-0.0049766960404737885,
GSE86521,0.001357706212733419,-0.0049766960404737885,
GSE86526,0.001357706212733419,-0.0049766960404737885,
GSE86568,0.001357706212733419,-0.0049766960404737885,
GSE86338,0.001357706212733419,-0.0049766960404737885,
GSE85750,0.001357706212733419,-0.0049766960404737885,
GSE85763,0.001357706212733419,-0.0049766960404737885,
GSE85772,0.001357706212733419,-0.0049766960404737885,
GSE85793,0.001357706212733419,-0.0049766960404737885,
GSE85798,0.001357706212733419,-0.0049766960404737885,
GSE85810,0.001357706212733419,-0.0049766960404737885,
GSE85855,0.001357706212733419,-0.0049766960404737885,
GSE85874,0.001357706212733419,-0.0049766960404737885,
GSE85875,0.001357706212733419,-0.0049766960404737885,
GSE85891,0.001357706212733419,-0.0049766960404737885,
GSE85929,0.001357706212733419,-0.0049766960404737885,
GSE85931,0.001357706212733419,-0.0049766960404737885,
GSE85936,0.001357706212733419,-0.0049766960404737885,
GSE85951,0.001357706212733419,-0.0049766960404737885,
GSE85954,0.001357706212733419,-0.0049766960404737885,
GSE86167,0.001357706212733419,-0.0049766960404737885,
GSE85976,0.001357706212733419,-0.0049766960404737885,
GSE86028,0.001357706212733419,-0.0049766960404737885,
GSE86030,0.001357706212733419,-0.0049766960404737885,
GSE86031,0.001357706212733419,-0.0049766960404737885,
GSE86039,0.001357706212733419,-0.0049766960404737885,
GSE86043,0.001357706212733419,-0.0049766960404737885,
GSE86065,0.001357706212733419,-0.0049766960404737885,
GSE86071,0.001357706212733419,-0.0049766960404737885,
GSE86073,0.001357706212733419,-0.0049766960404737885,
GSE86079,0.001357706212733419,-0.0049766960404737885,
GSE86083,0.001357706212733419,-0.0049766960404737885,
GSE86110,0.001357706212733419,-0.0049766960404737885,
GSE86111,0.001357706212733419,-0.0049766960404737885,
GSE86112,0.001357706212733419,-0.0049766960404737885,
GSE86113,0.001357706212733419,-0.0049766960404737885,
GSE85967,0.001357706212733419,-0.0049766960404737885,
GSE90855,0.001357706212733419,-0.0049766960404737885,
GSE90856,0.001357706212733419,-0.0049766960404737885,
GSE90860,0.001357706212733419,-0.0049766960404737885,
GSE90869,0.001357706212733419,-0.0049766960404737885,
GSE90883,0.001357706212733419,-0.0049766960404737885,
GSE90885,0.001357706212733419,-0.0049766960404737885,
GSE90890,0.001357706212733419,-0.0049766960404737885,
GSE90891,0.001357706212733419,-0.0049766960404737885,
GSE90894,0.001357706212733419,-0.0049766960404737885,
GSE90908,0.001357706212733419,-0.0049766960404737885,
GSE90913,0.001357706212733419,-0.0049766960404737885,
GSE90921,0.001357706212733419,-0.0049766960404737885,
GSE90929,0.001357706212733419,-0.0049766960404737885,
GSE90932,0.001357706212733419,-0.0049766960404737885,
GSE88967,0.001357706212733419,-0.0049766960404737885,
GSE90952,0.001357706212733419,-0.0049766960404737885,
GSE90958,0.001357706212733419,-0.0049766960404737885,
GSE90961,0.001357706212733419,-0.0049766960404737885,
GSE90962,0.001357706212733419,-0.0049766960404737885,
GSE90969,0.001357706212733419,-0.0049766960404737885,
GSE90983,0.001357706212733419,-0.0049766960404737885,
GSE90987,0.001357706212733419,-0.0049766960404737885,
GSE90988,0.001357706212733419,-0.0049766960404737885,
GSE91040,0.001357706212733419,-0.0049766960404737885,
GSE91043,0.001357706212733419,-0.0049766960404737885,
GSE91052,0.001357706212733419,-0.0049766960404737885,
GSE91058,0.001357706212733419,-0.0049766960404737885,
GSE91067,0.001357706212733419,-0.0049766960404737885,
GSE91078,0.001357706212733419,-0.0049766960404737885,
GSE91081,0.001357706212733419,-0.0049766960404737885,
GSE90937,0.001357706212733419,-0.0049766960404737885,
GSE90486,0.001357706212733419,-0.0049766960404737885,
GSE90497,0.001357706212733419,-0.0049766960404737885,
GSE90516,0.001357706212733419,-0.0049766960404737885,
GSE90522,0.001357706212733419,-0.0049766960404737885,
GSE90531,0.001357706212733419,-0.0049766960404737885,
GSE90533,0.001357706212733419,-0.0049766960404737885,
GSE90573,0.001357706212733419,-0.0049766960404737885,
GSE90574,0.001357706212733419,-0.0049766960404737885,
GSE90615,0.001357706212733419,-0.0049766960404737885,
GSE90625,0.001357706212733419,-0.0049766960404737885,
GSE90652,0.001357706212733419,-0.0049766960404737885,
GSE90654,0.001357706212733419,-0.0049766960404737885,
GSE90655,0.001357706212733419,-0.0049766960404737885,
GSE90697,0.001357706212733419,-0.0049766960404737885,
GSE90712,0.001357706212733419,-0.0049766960404737885,
GSE90854,0.001357706212733419,-0.0049766960404737885,
GSE90731,0.001357706212733419,-0.0049766960404737885,
GSE90736,0.001357706212733419,-0.0049766960404737885,
GSE90742,0.001357706212733419,-0.0049766960404737885,
GSE90752,0.001357706212733419,-0.0049766960404737885,
GSE90758,0.001357706212733419,-0.0049766960404737885,
GSE90766,0.001357706212733419,-0.0049766960404737885,
GSE90797,0.001357706212733419,-0.0049766960404737885,
GSE90800,0.001357706212733419,-0.0049766960404737885,
GSE90806,0.001357706212733419,-0.0049766960404737885,
GSE90809,0.001357706212733419,-0.0049766960404737885,
GSE90821,0.001357706212733419,-0.0049766960404737885,
GSE90822,0.001357706212733419,-0.0049766960404737885,
GSE90827,0.001357706212733419,-0.0049766960404737885,
GSE90847,0.001357706212733419,-0.0049766960404737885,
GSE90848,0.001357706212733419,-0.0049766960404737885,
GSE90725,0.001357706212733419,-0.0049766960404737885,
GSE92590,0.001357706212733419,-0.0049766960404737885,
GSE92602,0.001357706212733419,-0.0049766960404737885,
GSE92605,0.001357706212733419,-0.0049766960404737885,
GSE92618,0.001357706212733419,-0.0049766960404737885,
GSE92620,0.001357706212733419,-0.0049766960404737885,
GSE92629,0.001357706212733419,-0.0049766960404737885,
GSE92641,0.001357706212733419,-0.0049766960404737885,
GSE92650,0.001357706212733419,-0.0049766960404737885,
GSE92699,0.001357706212733419,-0.0049766960404737885,
GSE92704,0.001357706212733419,-0.0049766960404737885,
GSE92707,0.001357706212733419,-0.0049766960404737885,
GSE92720,0.001357706212733419,-0.0049766960404737885,
GSE92721,0.001357706212733419,-0.0049766960404737885,
GSE92751,0.001357706212733419,-0.0049766960404737885,
GSE91387,0.001357706212733419,-0.0049766960404737885,
GSE92762,0.001357706212733419,-0.0049766960404737885,
GSE92770,0.001357706212733419,-0.0049766960404737885,
GSE92779,0.001357706212733419,-0.0049766960404737885,
GSE92842,0.001357706212733419,-0.0049766960404737885,
GSE92844,0.001357706212733419,-0.0049766960404737885,
GSE92865,0.001357706212733419,-0.0049766960404737885,
GSE92870,0.001357706212733419,-0.0049766960404737885,
GSE92891,0.001357706212733419,-0.0049766960404737885,
GSE92894,0.001357706212733419,-0.0049766960404737885,
GSE92905,0.001357706212733419,-0.0049766960404737885,
GSE92949,0.001357706212733419,-0.0049766960404737885,
GSE92965,0.001357706212733419,-0.0049766960404737885,
GSE92967,0.001357706212733419,-0.0049766960404737885,
GSE92983,0.001357706212733419,-0.0049766960404737885,
GSE92992,0.001357706212733419,-0.0049766960404737885,
GSE92761,0.001357706212733419,-0.0049766960404737885,
GSE91390,0.001357706212733419,-0.0049766960404737885,
GSE91398,0.001357706212733419,-0.0049766960404737885,
GSE91402,0.001357706212733419,-0.0049766960404737885,
GSE92238,0.001357706212733419,-0.0049766960404737885,
GSE92263,0.001357706212733419,-0.0049766960404737885,
GSE92272,0.001357706212733419,-0.0049766960404737885,
GSE92275,0.001357706212733419,-0.0049766960404737885,
GSE92282,0.001357706212733419,-0.0049766960404737885,
GSE92292,0.001357706212733419,-0.0049766960404737885,
GSE92301,0.001357706212733419,-0.0049766960404737885,
GSE92304,0.001357706212733419,-0.0049766960404737885,
GSE92308,0.001357706212733419,-0.0049766960404737885,
GSE92317,0.001357706212733419,-0.0049766960404737885,
GSE92323,0.001357706212733419,-0.0049766960404737885,
GSE92332,0.001357706212733419,-0.0049766960404737885,
GSE92589,0.001357706212733419,-0.0049766960404737885,
GSE92344,0.001357706212733419,-0.0049766960404737885,
GSE92361,0.001357706212733419,-0.0049766960404737885,
GSE92364,0.001357706212733419,-0.0049766960404737885,
GSE92376,0.001357706212733419,-0.0049766960404737885,
GSE92377,0.001357706212733419,-0.0049766960404737885,
GSE92395,0.001357706212733419,-0.0049766960404737885,
GSE92425,0.001357706212733419,-0.0049766960404737885,
GSE92441,0.001357706212733419,-0.0049766960404737885,
GSE92457,0.001357706212733419,-0.0049766960404737885,
GSE92463,0.001357706212733419,-0.0049766960404737885,
GSE92486,0.001357706212733419,-0.0049766960404737885,
GSE92522,0.001357706212733419,-0.0049766960404737885,
GSE92535,0.001357706212733419,-0.0049766960404737885,
GSE92539,0.001357706212733419,-0.0049766960404737885,
GSE92562,0.001357706212733419,-0.0049766960404737885,
GSE92333,0.001357706212733419,-0.0049766960404737885,
GSE89313,0.001357706212733419,-0.0049766960404737885,
GSE89352,0.001357706212733419,-0.0049766960404737885,
GSE89361,0.001357706212733419,-0.0049766960404737885,
GSE89364,0.001357706212733419,-0.0049766960404737885,
GSE89378,0.001357706212733419,-0.0049766960404737885,
GSE89405,0.001357706212733419,-0.0049766960404737885,
GSE89412,0.001357706212733419,-0.0049766960404737885,
GSE89419,0.001357706212733419,-0.0049766960404737885,
GSE89430,0.001357706212733419,-0.0049766960404737885,
GSE89434,0.001357706212733419,-0.0049766960404737885,
GSE89454,0.001357706212733419,-0.0049766960404737885,
GSE89460,0.001357706212733419,-0.0049766960404737885,
GSE89463,0.001357706212733419,-0.0049766960404737885,
GSE89477,0.001357706212733419,-0.0049766960404737885,
GSE90478,0.001357706212733419,-0.0049766960404737885,
GSE89500,0.001357706212733419,-0.0049766960404737885,
GSE89505,0.001357706212733419,-0.0049766960404737885,
GSE89509,0.001357706212733419,-0.0049766960404737885,
GSE89520,0.001357706212733419,-0.0049766960404737885,
GSE89532,0.001357706212733419,-0.0049766960404737885,
GSE89546,0.001357706212733419,-0.0049766960404737885,
GSE89547,0.001357706212733419,-0.0049766960404737885,
GSE89549,0.001357706212733419,-0.0049766960404737885,
GSE89572,0.001357706212733419,-0.0049766960404737885,
GSE89574,0.001357706212733419,-0.0049766960404737885,
GSE89585,0.001357706212733419,-0.0049766960404737885,
GSE89603,0.001357706212733419,-0.0049766960404737885,
GSE89619,0.001357706212733419,-0.0049766960404737885,
GSE89620,0.001357706212733419,-0.0049766960404737885,
GSE89621,0.001357706212733419,-0.0049766960404737885,
GSE89482,0.001357706212733419,-0.0049766960404737885,
GSE88970,0.001357706212733419,-0.0049766960404737885,
GSE88982,0.001357706212733419,-0.0049766960404737885,
GSE88984,0.001357706212733419,-0.0049766960404737885,
GSE88987,0.001357706212733419,-0.0049766960404737885,
GSE88989,0.001357706212733419,-0.0049766960404737885,
GSE88996,0.001357706212733419,-0.0049766960404737885,
GSE88998,0.001357706212733419,-0.0049766960404737885,
GSE89010,0.001357706212733419,-0.0049766960404737885,
GSE89011,0.001357706212733419,-0.0049766960404737885,
GSE89018,0.001357706212733419,-0.0049766960404737885,
GSE89032,0.001357706212733419,-0.0049766960404737885,
GSE89035,0.001357706212733419,-0.0049766960404737885,
GSE89055,0.001357706212733419,-0.0049766960404737885,
GSE89069,0.001357706212733419,-0.0049766960404737885,
GSE89082,0.001357706212733419,-0.0049766960404737885,
GSE89307,0.001357706212733419,-0.0049766960404737885,
GSE89132,0.001357706212733419,-0.0049766960404737885,
GSE89136,0.001357706212733419,-0.0049766960404737885,
GSE89171,0.001357706212733419,-0.0049766960404737885,
GSE89184,0.001357706212733419,-0.0049766960404737885,
GSE89195,0.001357706212733419,-0.0049766960404737885,
GSE89196,0.001357706212733419,-0.0049766960404737885,
GSE89198,0.001357706212733419,-0.0049766960404737885,
GSE89210,0.001357706212733419,-0.0049766960404737885,
GSE89242,0.001357706212733419,-0.0049766960404737885,
GSE89258,0.001357706212733419,-0.0049766960404737885,
GSE89261,0.001357706212733419,-0.0049766960404737885,
GSE89263,0.001357706212733419,-0.0049766960404737885,
GSE89264,0.001357706212733419,-0.0049766960404737885,
GSE89270,0.001357706212733419,-0.0049766960404737885,
GSE89272,0.001357706212733419,-0.0049766960404737885,
GSE89108,0.001357706212733419,-0.0049766960404737885,
GSE89952,0.001357706212733419,-0.0049766960404737885,
GSE89960,0.001357706212733419,-0.0049766960404737885,
GSE89977,0.001357706212733419,-0.0049766960404737885,
GSE89984,0.001357706212733419,-0.0049766960404737885,
GSE89992,0.001357706212733419,-0.0049766960404737885,
GSE90019,0.001357706212733419,-0.0049766960404737885,
GSE90024,0.001357706212733419,-0.0049766960404737885,
GSE90046,0.001357706212733419,-0.0049766960404737885,
GSE90047,0.001357706212733419,-0.0049766960404737885,
GSE90055,0.001357706212733419,-0.0049766960404737885,
GSE90059,0.001357706212733419,-0.0049766960404737885,
GSE90067,0.001357706212733419,-0.0049766960404737885,
GSE90070,0.001357706212733419,-0.0049766960404737885,
GSE90091,0.001357706212733419,-0.0049766960404737885,
GSE90094,0.001357706212733419,-0.0049766960404737885,
GSE89622,0.001357706212733419,-0.0049766960404737885,
GSE90101,0.001357706212733419,-0.0049766960404737885,
GSE90108,0.001357706212733419,-0.0049766960404737885,
GSE90116,0.001357706212733419,-0.0049766960404737885,
GSE90130,0.001357706212733419,-0.0049766960404737885,
GSE90134,0.001357706212733419,-0.0049766960404737885,
GSE90136,0.001357706212733419,-0.0049766960404737885,
GSE90140,0.001357706212733419,-0.0049766960404737885,
GSE90148,0.001357706212733419,-0.0049766960404737885,
GSE90153,0.001357706212733419,-0.0049766960404737885,
GSE90160,0.001357706212733419,-0.0049766960404737885,
GSE90447,0.001357706212733419,-0.0049766960404737885,
GSE90459,0.001357706212733419,-0.0049766960404737885,
GSE90461,0.001357706212733419,-0.0049766960404737885,
GSE90466,0.001357706212733419,-0.0049766960404737885,
GSE90470,0.001357706212733419,-0.0049766960404737885,
GSE90097,0.001357706212733419,-0.0049766960404737885,
GSE89627,0.001357706212733419,-0.0049766960404737885,
GSE89633,0.001357706212733419,-0.0049766960404737885,
GSE89636,0.001357706212733419,-0.0049766960404737885,
GSE89640,0.001357706212733419,-0.0049766960404737885,
GSE89660,0.001357706212733419,-0.0049766960404737885,
GSE89665,0.001357706212733419,-0.0049766960404737885,
GSE89683,0.001357706212733419,-0.0049766960404737885,
GSE89692,0.001357706212733419,-0.0049766960404737885,
GSE89695,0.001357706212733419,-0.0049766960404737885,
GSE89711,0.001357706212733419,-0.0049766960404737885,
GSE89712,0.001357706212733419,-0.0049766960404737885,
GSE89732,0.001357706212733419,-0.0049766960404737885,
GSE89733,0.001357706212733419,-0.0049766960404737885,
GSE89734,0.001357706212733419,-0.0049766960404737885,
GSE89737,0.001357706212733419,-0.0049766960404737885,
GSE89945,0.001357706212733419,-0.0049766960404737885,
GSE89762,0.001357706212733419,-0.0049766960404737885,
GSE89764,0.001357706212733419,-0.0049766960404737885,
GSE89771,0.001357706212733419,-0.0049766960404737885,
GSE89798,0.001357706212733419,-0.0049766960404737885,
GSE89801,0.001357706212733419,-0.0049766960404737885,
GSE89806,0.001357706212733419,-0.0049766960404737885,
GSE89811,0.001357706212733419,-0.0049766960404737885,
GSE89817,0.001357706212733419,-0.0049766960404737885,
GSE89823,0.001357706212733419,-0.0049766960404737885,
GSE89834,0.001357706212733419,-0.0049766960404737885,
GSE89848,0.001357706212733419,-0.0049766960404737885,
GSE89897,0.001357706212733419,-0.0049766960404737885,
GSE89899,0.001357706212733419,-0.0049766960404737885,
GSE89900,0.001357706212733419,-0.0049766960404737885,
GSE89928,0.001357706212733419,-0.0049766960404737885,
GSE89758,0.001357706212733419,-0.0049766960404737885,
GSE44402,0.001357706212733419,-0.0049766960404737885,
GSE44553,0.001357706212733419,-0.0049766960404737885,
GSE44566,0.001357706212733419,-0.0049766960404737885,
GSE44573,0.001357706212733419,-0.0049766960404737885,
GSE44575,0.001357706212733419,-0.0049766960404737885,
GSE44591,0.001357706212733419,-0.0049766960404737885,
GSE44640,0.001357706212733419,-0.0049766960404737885,
GSE44654,0.001357706212733419,-0.0049766960404737885,
GSE44665,0.001357706212733419,-0.0049766960404737885,
GSE44668,0.001357706212733419,-0.0049766960404737885,
GSE44674,0.001357706212733419,-0.0049766960404737885,
GSE44698,0.001357706212733419,-0.0049766960404737885,
GSE44733,0.001357706212733419,-0.0049766960404737885,
GSE44775,0.001357706212733419,-0.0049766960404737885,
GSE72184,0.001357706212733419,-0.0049766960404737885,
GSE44942,0.001357706212733419,-0.0049766960404737885,
GSE44945,0.001357706212733419,-0.0049766960404737885,
GSE45048,0.001357706212733419,-0.0049766960404737885,
GSE45118,0.001357706212733419,-0.0049766960404737885,
GSE45119,0.001357706212733419,-0.0049766960404737885,
GSE45148,0.001357706212733419,-0.0049766960404737885,
GSE45152,0.001357706212733419,-0.0049766960404737885,
GSE45180,0.001357706212733419,-0.0049766960404737885,
GSE45182,0.001357706212733419,-0.0049766960404737885,
GSE45254,0.001357706212733419,-0.0049766960404737885,
GSE45278,0.001357706212733419,-0.0049766960404737885,
GSE45284,0.001357706212733419,-0.0049766960404737885,
GSE45319,0.001357706212733419,-0.0049766960404737885,
GSE45338,0.001357706212733419,-0.0049766960404737885,
GSE45358,0.001357706212733419,-0.0049766960404737885,
GSE44831,0.001357706212733419,-0.0049766960404737885,
GSE42999,0.001357706212733419,-0.0049766960404737885,
GSE43028,0.001357706212733419,-0.0049766960404737885,
GSE43041,0.001357706212733419,-0.0049766960404737885,
GSE43078,0.001357706212733419,-0.0049766960404737885,
GSE43110,0.001357706212733419,-0.0049766960404737885,
GSE43314,0.001357706212733419,-0.0049766960404737885,
GSE43351,0.001357706212733419,-0.0049766960404737885,
GSE43366,0.001357706212733419,-0.0049766960404737885,
GSE43390,0.001357706212733419,-0.0049766960404737885,
GSE43410,0.001357706212733419,-0.0049766960404737885,
GSE43431,0.001357706212733419,-0.0049766960404737885,
GSE43504,0.001357706212733419,-0.0049766960404737885,
GSE43575,0.001357706212733419,-0.0049766960404737885,
GSE43617,0.001357706212733419,-0.0049766960404737885,
GSE43631,0.001357706212733419,-0.0049766960404737885,
GSE44366,0.001357706212733419,-0.0049766960404737885,
GSE43660,0.001357706212733419,-0.0049766960404737885,
GSE43717,0.001357706212733419,-0.0049766960404737885,
GSE43718,0.001357706212733419,-0.0049766960404737885,
GSE43721,0.001357706212733419,-0.0049766960404737885,
GSE43725,0.001357706212733419,-0.0049766960404737885,
GSE43735,0.001357706212733419,-0.0049766960404737885,
GSE43879,0.001357706212733419,-0.0049766960404737885,
GSE43948,0.001357706212733419,-0.0049766960404737885,
GSE44067,0.001357706212733419,-0.0049766960404737885,
GSE44157,0.001357706212733419,-0.0049766960404737885,
GSE44158,0.001357706212733419,-0.0049766960404737885,
GSE44229,0.001357706212733419,-0.0049766960404737885,
GSE44333,0.001357706212733419,-0.0049766960404737885,
GSE44346,0.001357706212733419,-0.0049766960404737885,
GSE44359,0.001357706212733419,-0.0049766960404737885,
GSE43650,0.001357706212733419,-0.0049766960404737885,
GSE46953,0.001357706212733419,-0.0049766960404737885,
GSE46980,0.001357706212733419,-0.0049766960404737885,
GSE47019,0.001357706212733419,-0.0049766960404737885,
GSE47033,0.001357706212733419,-0.0049766960404737885,
GSE47062,0.001357706212733419,-0.0049766960404737885,
GSE47081,0.001357706212733419,-0.0049766960404737885,
GSE47083,0.001357706212733419,-0.0049766960404737885,
GSE47089,0.001357706212733419,-0.0049766960404737885,
GSE47124,0.001357706212733419,-0.0049766960404737885,
GSE47370,0.001357706212733419,-0.0049766960404737885,
GSE47395,0.001357706212733419,-0.0049766960404737885,
GSE47442,0.001357706212733419,-0.0049766960404737885,
GSE47454,0.001357706212733419,-0.0049766960404737885,
GSE47459,0.001357706212733419,-0.0049766960404737885,
GSE45376,0.001357706212733419,-0.0049766960404737885,
GSE47494,0.001357706212733419,-0.0049766960404737885,
GSE47496,0.001357706212733419,-0.0049766960404737885,
GSE47536,0.001357706212733419,-0.0049766960404737885,
GSE47540,0.001357706212733419,-0.0049766960404737885,
GSE47656,0.001357706212733419,-0.0049766960404737885,
GSE47703,0.001357706212733419,-0.0049766960404737885,
GSE47707,0.001357706212733419,-0.0049766960404737885,
GSE47708,0.001357706212733419,-0.0049766960404737885,
GSE47735,0.001357706212733419,-0.0049766960404737885,
GSE47793,0.001357706212733419,-0.0049766960404737885,
GSE47835,0.001357706212733419,-0.0049766960404737885,
GSE47851,0.001357706212733419,-0.0049766960404737885,
GSE47877,0.001357706212733419,-0.0049766960404737885,
GSE47883,0.001357706212733419,-0.0049766960404737885,
GSE47885,0.001357706212733419,-0.0049766960404737885,
GSE47484,0.001357706212733419,-0.0049766960404737885,
GSE45446,0.001357706212733419,-0.0049766960404737885,
GSE45474,0.001357706212733419,-0.0049766960404737885,
GSE45568,0.001357706212733419,-0.0049766960404737885,
GSE45597,0.001357706212733419,-0.0049766960404737885,
GSE45657,0.001357706212733419,-0.0049766960404737885,
GSE45684,0.001357706212733419,-0.0049766960404737885,
GSE45703,0.001357706212733419,-0.0049766960404737885,
GSE45719,0.001357706212733419,-0.0049766960404737885,
GSE45760,0.001357706212733419,-0.0049766960404737885,
GSE45888,0.001357706212733419,-0.0049766960404737885,
GSE45909,0.001357706212733419,-0.0049766960404737885,
GSE45914,0.001357706212733419,-0.0049766960404737885,
GSE45930,0.001357706212733419,-0.0049766960404737885,
GSE45975,0.001357706212733419,-0.0049766960404737885,
GSE46038,0.001357706212733419,-0.0049766960404737885,
GSE46807,0.001357706212733419,-0.0049766960404737885,
GSE46104,0.001357706212733419,-0.0049766960404737885,
GSE46149,0.001357706212733419,-0.0049766960404737885,
GSE46207,0.001357706212733419,-0.0049766960404737885,
GSE46213,0.001357706212733419,-0.0049766960404737885,
GSE46240,0.001357706212733419,-0.0049766960404737885,
GSE46316,0.001357706212733419,-0.0049766960404737885,
GSE46340,0.001357706212733419,-0.0049766960404737885,
GSE46363,0.001357706212733419,-0.0049766960404737885,
GSE46433,0.001357706212733419,-0.0049766960404737885,
GSE46434,0.001357706212733419,-0.0049766960404737885,
GSE46494,0.001357706212733419,-0.0049766960404737885,
GSE46664,0.001357706212733419,-0.0049766960404737885,
GSE46688,0.001357706212733419,-0.0049766960404737885,
GSE46716,0.001357706212733419,-0.0049766960404737885,
GSE46730,0.001357706212733419,-0.0049766960404737885,
GSE46066,0.001357706212733419,-0.0049766960404737885,
GSE38808,0.001357706212733419,-0.0049766960404737885,
GSE38820,0.001357706212733419,-0.0049766960404737885,
GSE38838,0.001357706212733419,-0.0049766960404737885,
GSE38841,0.001357706212733419,-0.0049766960404737885,
GSE38842,0.001357706212733419,-0.0049766960404737885,
GSE38845,0.001357706212733419,-0.0049766960404737885,
GSE38892,0.001357706212733419,-0.0049766960404737885,
GSE38907,0.001357706212733419,-0.0049766960404737885,
GSE38983,0.001357706212733419,-0.0049766960404737885,
GSE38990,0.001357706212733419,-0.0049766960404737885,
GSE39113,0.001357706212733419,-0.0049766960404737885,
GSE39129,0.001357706212733419,-0.0049766960404737885,
GSE39160,0.001357706212733419,-0.0049766960404737885,
GSE39406,0.001357706212733419,-0.0049766960404737885,
GSE42912,0.001357706212733419,-0.0049766960404737885,
GSE39509,0.001357706212733419,-0.0049766960404737885,
GSE39513,0.001357706212733419,-0.0049766960404737885,
GSE39522,0.001357706212733419,-0.0049766960404737885,
GSE39524,0.001357706212733419,-0.0049766960404737885,
GSE39605,0.001357706212733419,-0.0049766960404737885,
GSE39619,0.001357706212733419,-0.0049766960404737885,
GSE39652,0.001357706212733419,-0.0049766960404737885,
GSE39656,0.001357706212733419,-0.0049766960404737885,
GSE39657,0.001357706212733419,-0.0049766960404737885,
GSE39756,0.001357706212733419,-0.0049766960404737885,
GSE39812,0.001357706212733419,-0.0049766960404737885,
GSE39849,0.001357706212733419,-0.0049766960404737885,
GSE39851,0.001357706212733419,-0.0049766960404737885,
GSE39866,0.001357706212733419,-0.0049766960404737885,
GSE39918,0.001357706212733419,-0.0049766960404737885,
GSE39438,0.001357706212733419,-0.0049766960404737885,
GSE36892,0.001357706212733419,-0.0049766960404737885,
GSE36896,0.001357706212733419,-0.0049766960404737885,
GSE37018,0.001357706212733419,-0.0049766960404737885,
GSE37076,0.001357706212733419,-0.0049766960404737885,
GSE37111,0.001357706212733419,-0.0049766960404737885,
GSE37150,0.001357706212733419,-0.0049766960404737885,
GSE37184,0.001357706212733419,-0.0049766960404737885,
GSE37228,0.001357706212733419,-0.0049766960404737885,
GSE37236,0.001357706212733419,-0.0049766960404737885,
GSE37338,0.001357706212733419,-0.0049766960404737885,
GSE37379,0.001357706212733419,-0.0049766960404737885,
GSE37641,0.001357706212733419,-0.0049766960404737885,
GSE37646,0.001357706212733419,-0.0049766960404737885,
GSE37685,0.001357706212733419,-0.0049766960404737885,
GSE37746,0.001357706212733419,-0.0049766960404737885,
GSE38741,0.001357706212733419,-0.0049766960404737885,
GSE37933,0.001357706212733419,-0.0049766960404737885,
GSE37952,0.001357706212733419,-0.0049766960404737885,
GSE38046,0.001357706212733419,-0.0049766960404737885,
GSE38144,0.001357706212733419,-0.0049766960404737885,
GSE38148,0.001357706212733419,-0.0049766960404737885,
GSE38198,0.001357706212733419,-0.0049766960404737885,
GSE38236,0.001357706212733419,-0.0049766960404737885,
GSE38324,0.001357706212733419,-0.0049766960404737885,
GSE38359,0.001357706212733419,-0.0049766960404737885,
GSE38371,0.001357706212733419,-0.0049766960404737885,
GSE38497,0.001357706212733419,-0.0049766960404737885,
GSE38539,0.001357706212733419,-0.0049766960404737885,
GSE38596,0.001357706212733419,-0.0049766960404737885,
GSE38604,0.001357706212733419,-0.0049766960404737885,
GSE38669,0.001357706212733419,-0.0049766960404737885,
GSE37909,0.001357706212733419,-0.0049766960404737885,
GSE41792,0.001357706212733419,-0.0049766960404737885,
GSE41876,0.001357706212733419,-0.0049766960404737885,
GSE41879,0.001357706212733419,-0.0049766960404737885,
GSE41903,0.001357706212733419,-0.0049766960404737885,
GSE41908,0.001357706212733419,-0.0049766960404737885,
GSE41937,0.001357706212733419,-0.0049766960404737885,
GSE41974,0.001357706212733419,-0.0049766960404737885,
GSE41976,0.001357706212733419,-0.0049766960404737885,
GSE41979,0.001357706212733419,-0.0049766960404737885,
GSE41985,0.001357706212733419,-0.0049766960404737885,
GSE42100,0.001357706212733419,-0.0049766960404737885,
GSE42120,0.001357706212733419,-0.0049766960404737885,
GSE42154,0.001357706212733419,-0.0049766960404737885,
GSE42237,0.001357706212733419,-0.0049766960404737885,
GSE39970,0.001357706212733419,-0.0049766960404737885,
GSE42350,0.001357706212733419,-0.0049766960404737885,
GSE42398,0.001357706212733419,-0.0049766960404737885,
GSE42443,0.001357706212733419,-0.0049766960404737885,
GSE42474,0.001357706212733419,-0.0049766960404737885,
GSE42564,0.001357706212733419,-0.0049766960404737885,
GSE42573,0.001357706212733419,-0.0049766960404737885,
GSE42605,0.001357706212733419,-0.0049766960404737885,
GSE42629,0.001357706212733419,-0.0049766960404737885,
GSE42662,0.001357706212733419,-0.0049766960404737885,
GSE42671,0.001357706212733419,-0.0049766960404737885,
GSE42704,0.001357706212733419,-0.0049766960404737885,
GSE42805,0.001357706212733419,-0.0049766960404737885,
GSE42852,0.001357706212733419,-0.0049766960404737885,
GSE42878,0.001357706212733419,-0.0049766960404737885,
GSE42880,0.001357706212733419,-0.0049766960404737885,
GSE42339,0.001357706212733419,-0.0049766960404737885,
GSE39978,0.001357706212733419,-0.0049766960404737885,
GSE40064,0.001357706212733419,-0.0049766960404737885,
GSE40171,0.001357706212733419,-0.0049766960404737885,
GSE40187,0.001357706212733419,-0.0049766960404737885,
GSE40190,0.001357706212733419,-0.0049766960404737885,
GSE40285,0.001357706212733419,-0.0049766960404737885,
GSE40350,0.001357706212733419,-0.0049766960404737885,
GSE40436,0.001357706212733419,-0.0049766960404737885,
GSE40463,0.001357706212733419,-0.0049766960404737885,
GSE40468,0.001357706212733419,-0.0049766960404737885,
GSE40478,0.001357706212733419,-0.0049766960404737885,
GSE40594,0.001357706212733419,-0.0049766960404737885,
GSE40652,0.001357706212733419,-0.0049766960404737885,
GSE40688,0.001357706212733419,-0.0049766960404737885,
GSE40823,0.001357706212733419,-0.0049766960404737885,
GSE41785,0.001357706212733419,-0.0049766960404737885,
GSE40948,0.001357706212733419,-0.0049766960404737885,
GSE40969,0.001357706212733419,-0.0049766960404737885,
GSE40978,0.001357706212733419,-0.0049766960404737885,
GSE41082,0.001357706212733419,-0.0049766960404737885,
GSE41090,0.001357706212733419,-0.0049766960404737885,
GSE41246,0.001357706212733419,-0.0049766960404737885,
GSE41265,0.001357706212733419,-0.0049766960404737885,
GSE41285,0.001357706212733419,-0.0049766960404737885,
GSE41286,0.001357706212733419,-0.0049766960404737885,
GSE41287,0.001357706212733419,-0.0049766960404737885,
GSE41293,0.001357706212733419,-0.0049766960404737885,
GSE41317,0.001357706212733419,-0.0049766960404737885,
GSE41538,0.001357706212733419,-0.0049766960404737885,
GSE41658,0.001357706212733419,-0.0049766960404737885,
GSE41710,0.001357706212733419,-0.0049766960404737885,
GSE40918,0.001357706212733419,-0.0049766960404737885,
GSE53528,0.001357706212733419,-0.0049766960404737885,
GSE53538,0.001357706212733419,-0.0049766960404737885,
GSE53545,0.001357706212733419,-0.0049766960404737885,
GSE53595,0.001357706212733419,-0.0049766960404737885,
GSE53599,0.001357706212733419,-0.0049766960404737885,
GSE53627,0.001357706212733419,-0.0049766960404737885,
GSE53683,0.001357706212733419,-0.0049766960404737885,
GSE53743,0.001357706212733419,-0.0049766960404737885,
GSE53782,0.001357706212733419,-0.0049766960404737885,
GSE53789,0.001357706212733419,-0.0049766960404737885,
GSE53793,0.001357706212733419,-0.0049766960404737885,
GSE53794,0.001357706212733419,-0.0049766960404737885,
GSE53913,0.001357706212733419,-0.0049766960404737885,
GSE53915,0.001357706212733419,-0.0049766960404737885,
GSE47919,0.001357706212733419,-0.0049766960404737885,
GSE54006,0.001357706212733419,-0.0049766960404737885,
GSE54016,0.001357706212733419,-0.0049766960404737885,
GSE54098,0.001357706212733419,-0.0049766960404737885,
GSE54107,0.001357706212733419,-0.0049766960404737885,
GSE54113,0.001357706212733419,-0.0049766960404737885,
GSE54124,0.001357706212733419,-0.0049766960404737885,
GSE54133,0.001357706212733419,-0.0049766960404737885,
GSE54154,0.001357706212733419,-0.0049766960404737885,
GSE54226,0.001357706212733419,-0.0049766960404737885,
GSE54286,0.001357706212733419,-0.0049766960404737885,
GSE54287,0.001357706212733419,-0.0049766960404737885,
GSE54302,0.001357706212733419,-0.0049766960404737885,
GSE54390,0.001357706212733419,-0.0049766960404737885,
GSE54411,0.001357706212733419,-0.0049766960404737885,
GSE54412,0.001357706212733419,-0.0049766960404737885,
GSE53928,0.001357706212733419,-0.0049766960404737885,
GSE52854,0.001357706212733419,-0.0049766960404737885,
GSE52856,0.001357706212733419,-0.0049766960404737885,
GSE52868,0.001357706212733419,-0.0049766960404737885,
GSE52870,0.001357706212733419,-0.0049766960404737885,
GSE52899,0.001357706212733419,-0.0049766960404737885,
GSE52957,0.001357706212733419,-0.0049766960404737885,
GSE52974,0.001357706212733419,-0.0049766960404737885,
GSE53001,0.001357706212733419,-0.0049766960404737885,
GSE53018,0.001357706212733419,-0.0049766960404737885,
GSE53053,0.001357706212733419,-0.0049766960404737885,
GSE53074,0.001357706212733419,-0.0049766960404737885,
GSE53075,0.001357706212733419,-0.0049766960404737885,
GSE53076,0.001357706212733419,-0.0049766960404737885,
GSE53090,0.001357706212733419,-0.0049766960404737885,
GSE53105,0.001357706212733419,-0.0049766960404737885,
GSE53506,0.001357706212733419,-0.0049766960404737885,
GSE53150,0.001357706212733419,-0.0049766960404737885,
GSE53190,0.001357706212733419,-0.0049766960404737885,
GSE53207,0.001357706212733419,-0.0049766960404737885,
GSE53212,0.001357706212733419,-0.0049766960404737885,
GSE53214,0.001357706212733419,-0.0049766960404737885,
GSE53218,0.001357706212733419,-0.0049766960404737885,
GSE53244,0.001357706212733419,-0.0049766960404737885,
GSE53249,0.001357706212733419,-0.0049766960404737885,
GSE53297,0.001357706212733419,-0.0049766960404737885,
GSE53380,0.001357706212733419,-0.0049766960404737885,
GSE53398,0.001357706212733419,-0.0049766960404737885,
GSE53401,0.001357706212733419,-0.0049766960404737885,
GSE53427,0.001357706212733419,-0.0049766960404737885,
GSE53459,0.001357706212733419,-0.0049766960404737885,
GSE53489,0.001357706212733419,-0.0049766960404737885,
GSE53110,0.001357706212733419,-0.0049766960404737885,
GSE55188,0.001357706212733419,-0.0049766960404737885,
GSE55190,0.001357706212733419,-0.0049766960404737885,
GSE55228,0.001357706212733419,-0.0049766960404737885,
GSE55280,0.001357706212733419,-0.0049766960404737885,
GSE55291,0.001357706212733419,-0.0049766960404737885,
GSE55310,0.001357706212733419,-0.0049766960404737885,
GSE55338,0.001357706212733419,-0.0049766960404737885,
GSE55376,0.001357706212733419,-0.0049766960404737885,
GSE55377,0.001357706212733419,-0.0049766960404737885,
GSE55385,0.001357706212733419,-0.0049766960404737885,
GSE55394,0.001357706212733419,-0.0049766960404737885,
GSE55423,0.001357706212733419,-0.0049766960404737885,
GSE55480,0.001357706212733419,-0.0049766960404737885,
GSE55552,0.001357706212733419,-0.0049766960404737885,
GSE54424,0.001357706212733419,-0.0049766960404737885,
GSE55590,0.001357706212733419,-0.0049766960404737885,
GSE55596,0.001357706212733419,-0.0049766960404737885,
GSE55621,0.001357706212733419,-0.0049766960404737885,
GSE55633,0.001357706212733419,-0.0049766960404737885,
GSE55682,0.001357706212733419,-0.0049766960404737885,
GSE55735,0.001357706212733419,-0.0049766960404737885,
GSE55744,0.001357706212733419,-0.0049766960404737885,
GSE55754,0.001357706212733419,-0.0049766960404737885,
GSE55776,0.001357706212733419,-0.0049766960404737885,
GSE55782,0.001357706212733419,-0.0049766960404737885,
GSE55788,0.001357706212733419,-0.0049766960404737885,
GSE55790,0.001357706212733419,-0.0049766960404737885,
GSE55797,0.001357706212733419,-0.0049766960404737885,
GSE55798,0.001357706212733419,-0.0049766960404737885,
GSE55800,0.001357706212733419,-0.0049766960404737885,
GSE55581,0.001357706212733419,-0.0049766960404737885,
GSE54443,0.001357706212733419,-0.0049766960404737885,
GSE54447,0.001357706212733419,-0.0049766960404737885,
GSE54458,0.001357706212733419,-0.0049766960404737885,
GSE54461,0.001357706212733419,-0.0049766960404737885,
GSE54462,0.001357706212733419,-0.0049766960404737885,
GSE54473,0.001357706212733419,-0.0049766960404737885,
GSE54549,0.001357706212733419,-0.0049766960404737885,
GSE54561,0.001357706212733419,-0.0049766960404737885,
GSE54569,0.001357706212733419,-0.0049766960404737885,
GSE54588,0.001357706212733419,-0.0049766960404737885,
GSE54619,0.001357706212733419,-0.0049766960404737885,
GSE54631,0.001357706212733419,-0.0049766960404737885,
GSE54651,0.001357706212733419,-0.0049766960404737885,
GSE54695,0.001357706212733419,-0.0049766960404737885,
GSE54697,0.001357706212733419,-0.0049766960404737885,
GSE55180,0.001357706212733419,-0.0049766960404737885,
GSE54794,0.001357706212733419,-0.0049766960404737885,
GSE54795,0.001357706212733419,-0.0049766960404737885,
GSE54826,0.001357706212733419,-0.0049766960404737885,
GSE54877,0.001357706212733419,-0.0049766960404737885,
GSE54932,0.001357706212733419,-0.0049766960404737885,
GSE54952,0.001357706212733419,-0.0049766960404737885,
GSE54973,0.001357706212733419,-0.0049766960404737885,
GSE54982,0.001357706212733419,-0.0049766960404737885,
GSE54984,0.001357706212733419,-0.0049766960404737885,
GSE55009,0.001357706212733419,-0.0049766960404737885,
GSE55060,0.001357706212733419,-0.0049766960404737885,
GSE55090,0.001357706212733419,-0.0049766960404737885,
GSE55113,0.001357706212733419,-0.0049766960404737885,
GSE55131,0.001357706212733419,-0.0049766960404737885,
GSE55163,0.001357706212733419,-0.0049766960404737885,
GSE54704,0.001357706212733419,-0.0049766960404737885,
GSE48968,0.001357706212733419,-0.0049766960404737885,
GSE48974,0.001357706212733419,-0.0049766960404737885,
GSE49023,0.001357706212733419,-0.0049766960404737885,
GSE49027,0.001357706212733419,-0.0049766960404737885,
GSE49047,0.001357706212733419,-0.0049766960404737885,
GSE49087,0.001357706212733419,-0.0049766960404737885,
GSE49088,0.001357706212733419,-0.0049766960404737885,
GSE49109,0.001357706212733419,-0.0049766960404737885,
GSE49114,0.001357706212733419,-0.0049766960404737885,
GSE49147,0.001357706212733419,-0.0049766960404737885,
GSE49313,0.001357706212733419,-0.0049766960404737885,
GSE49366,0.001357706212733419,-0.0049766960404737885,
GSE49433,0.001357706212733419,-0.0049766960404737885,
GSE49434,0.001357706212733419,-0.0049766960404737885,
GSE52801,0.001357706212733419,-0.0049766960404737885,
GSE49538,0.001357706212733419,-0.0049766960404737885,
GSE49555,0.001357706212733419,-0.0049766960404737885,
GSE49571,0.001357706212733419,-0.0049766960404737885,
GSE49581,0.001357706212733419,-0.0049766960404737885,
GSE49622,0.001357706212733419,-0.0049766960404737885,
GSE49669,0.001357706212733419,-0.0049766960404737885,
GSE49715,0.001357706212733419,-0.0049766960404737885,
GSE49761,0.001357706212733419,-0.0049766960404737885,
GSE49843,0.001357706212733419,-0.0049766960404737885,
GSE49844,0.001357706212733419,-0.0049766960404737885,
GSE49906,0.001357706212733419,-0.0049766960404737885,
GSE49929,0.001357706212733419,-0.0049766960404737885,
GSE49932,0.001357706212733419,-0.0049766960404737885,
GSE49933,0.001357706212733419,-0.0049766960404737885,
GSE49949,0.001357706212733419,-0.0049766960404737885,
GSE49449,0.001357706212733419,-0.0049766960404737885,
GSE47926,0.001357706212733419,-0.0049766960404737885,
GSE47948,0.001357706212733419,-0.0049766960404737885,
GSE47954,0.001357706212733419,-0.0049766960404737885,
GSE47964,0.001357706212733419,-0.0049766960404737885,
GSE48005,0.001357706212733419,-0.0049766960404737885,
GSE48020,0.001357706212733419,-0.0049766960404737885,
GSE48043,0.001357706212733419,-0.0049766960404737885,
GSE48048,0.001357706212733419,-0.0049766960404737885,
GSE48083,0.001357706212733419,-0.0049766960404737885,
GSE48085,0.001357706212733419,-0.0049766960404737885,
GSE48109,0.001357706212733419,-0.0049766960404737885,
GSE48138,0.001357706212733419,-0.0049766960404737885,
GSE48172,0.001357706212733419,-0.0049766960404737885,
GSE48229,0.001357706212733419,-0.0049766960404737885,
GSE48252,0.001357706212733419,-0.0049766960404737885,
GSE48966,0.001357706212733419,-0.0049766960404737885,
GSE48387,0.001357706212733419,-0.0049766960404737885,
GSE48419,0.001357706212733419,-0.0049766960404737885,
GSE48480,0.001357706212733419,-0.0049766960404737885,
GSE48519,0.001357706212733419,-0.0049766960404737885,
GSE48553,0.001357706212733419,-0.0049766960404737885,
GSE48607,0.001357706212733419,-0.0049766960404737885,
GSE48649,0.001357706212733419,-0.0049766960404737885,
GSE48654,0.001357706212733419,-0.0049766960404737885,
GSE48763,0.001357706212733419,-0.0049766960404737885,
GSE48764,0.001357706212733419,-0.0049766960404737885,
GSE48808,0.001357706212733419,-0.0049766960404737885,
GSE48870,0.001357706212733419,-0.0049766960404737885,
GSE48878,0.001357706212733419,-0.0049766960404737885,
GSE48962,0.001357706212733419,-0.0049766960404737885,
GSE48965,0.001357706212733419,-0.0049766960404737885,
GSE48364,0.001357706212733419,-0.0049766960404737885,
GSE51735,0.001357706212733419,-0.0049766960404737885,
GSE52006,0.001357706212733419,-0.0049766960404737885,
GSE52016,0.001357706212733419,-0.0049766960404737885,
GSE52023,0.001357706212733419,-0.0049766960404737885,
GSE52031,0.001357706212733419,-0.0049766960404737885,
GSE52038,0.001357706212733419,-0.0049766960404737885,
GSE52069,0.001357706212733419,-0.0049766960404737885,
GSE52071,0.001357706212733419,-0.0049766960404737885,
GSE52080,0.001357706212733419,-0.0049766960404737885,
GSE52123,0.001357706212733419,-0.0049766960404737885,
GSE52125,0.001357706212733419,-0.0049766960404737885,
GSE52126,0.001357706212733419,-0.0049766960404737885,
GSE52234,0.001357706212733419,-0.0049766960404737885,
GSE52261,0.001357706212733419,-0.0049766960404737885,
GSE50050,0.001357706212733419,-0.0049766960404737885,
GSE52320,0.001357706212733419,-0.0049766960404737885,
GSE52332,0.001357706212733419,-0.0049766960404737885,
GSE52359,0.001357706212733419,-0.0049766960404737885,
GSE52396,0.001357706212733419,-0.0049766960404737885,
GSE52405,0.001357706212733419,-0.0049766960404737885,
GSE52450,0.001357706212733419,-0.0049766960404737885,
GSE52477,0.001357706212733419,-0.0049766960404737885,
GSE52502,0.001357706212733419,-0.0049766960404737885,
GSE52514,0.001357706212733419,-0.0049766960404737885,
GSE52525,0.001357706212733419,-0.0049766960404737885,
GSE52564,0.001357706212733419,-0.0049766960404737885,
GSE52594,0.001357706212733419,-0.0049766960404737885,
GSE52616,0.001357706212733419,-0.0049766960404737885,
GSE52619,0.001357706212733419,-0.0049766960404737885,
GSE52623,0.001357706212733419,-0.0049766960404737885,
GSE52313,0.001357706212733419,-0.0049766960404737885,
GSE50068,0.001357706212733419,-0.0049766960404737885,
GSE50172,0.001357706212733419,-0.0049766960404737885,
GSE50459,0.001357706212733419,-0.0049766960404737885,
GSE50534,0.001357706212733419,-0.0049766960404737885,
GSE50554,0.001357706212733419,-0.0049766960404737885,
GSE50561,0.001357706212733419,-0.0049766960404737885,
GSE50566,0.001357706212733419,-0.0049766960404737885,
GSE50590,0.001357706212733419,-0.0049766960404737885,
GSE50612,0.001357706212733419,-0.0049766960404737885,
GSE50708,0.001357706212733419,-0.0049766960404737885,
GSE50739,0.001357706212733419,-0.0049766960404737885,
GSE50763,0.001357706212733419,-0.0049766960404737885,
GSE50775,0.001357706212733419,-0.0049766960404737885,
GSE50776,0.001357706212733419,-0.0049766960404737885,
GSE50807,0.001357706212733419,-0.0049766960404737885,
GSE51685,0.001357706212733419,-0.0049766960404737885,
GSE50856,0.001357706212733419,-0.0049766960404737885,
GSE50896,0.001357706212733419,-0.0049766960404737885,
GSE50927,0.001357706212733419,-0.0049766960404737885,
GSE50932,0.001357706212733419,-0.0049766960404737885,
GSE50934,0.001357706212733419,-0.0049766960404737885,
GSE50983,0.001357706212733419,-0.0049766960404737885,
GSE51006,0.001357706212733419,-0.0049766960404737885,
GSE51008,0.001357706212733419,-0.0049766960404737885,
GSE51144,0.001357706212733419,-0.0049766960404737885,
GSE51372,0.001357706212733419,-0.0049766960404737885,
GSE51553,0.001357706212733419,-0.0049766960404737885,
GSE51572,0.001357706212733419,-0.0049766960404737885,
GSE51606,0.001357706212733419,-0.0049766960404737885,
GSE51619,0.001357706212733419,-0.0049766960404737885,
GSE51620,0.001357706212733419,-0.0049766960404737885,
GSE50809,0.001357706212733419,-0.0049766960404737885,
GSE102858,0.001357706212733419,-0.0049766960404737885,
GSE102867,0.001357706212733419,-0.0049766960404737885,
GSE102890,0.001357706212733419,-0.0049766960404737885,
GSE102903,0.001357706212733419,-0.0049766960404737885,
GSE102965,0.001357706212733419,-0.0049766960404737885,
GSE102982,0.001357706212733419,-0.0049766960404737885,
GSE102992,0.001357706212733419,-0.0049766960404737885,
GSE103086,0.001357706212733419,-0.0049766960404737885,
GSE103126,0.001357706212733419,-0.0049766960404737885,
GSE103127,0.001357706212733419,-0.0049766960404737885,
GSE103162,0.001357706212733419,-0.0049766960404737885,
GSE103180,0.001357706212733419,-0.0049766960404737885,
GSE103183,0.001357706212733419,-0.0049766960404737885,
GSE103185,0.001357706212733419,-0.0049766960404737885,
GSE36882,0.001357706212733419,-0.0049766960404737885,
GSE103219,0.001357706212733419,-0.0049766960404737885,
GSE103246,0.001357706212733419,-0.0049766960404737885,
GSE103261,0.001357706212733419,-0.0049766960404737885,
GSE103272,0.001357706212733419,-0.0049766960404737885,
GSE103319,0.001357706212733419,-0.0049766960404737885,
GSE103341,0.001357706212733419,-0.0049766960404737885,
GSE103377,0.001357706212733419,-0.0049766960404737885,
GSE103390,0.001357706212733419,-0.0049766960404737885,
GSE103435,0.001357706212733419,-0.0049766960404737885,
GSE103471,0.001357706212733419,-0.0049766960404737885,
GSE103492,0.001357706212733419,-0.0049766960404737885,
GSE103524,0.001357706212733419,-0.0049766960404737885,
GSE103525,0.001357706212733419,-0.0049766960404737885,
GSE103545,0.001357706212733419,-0.0049766960404737885,
GSE103574,0.001357706212733419,-0.0049766960404737885,
GSE103194,0.001357706212733419,-0.0049766960404737885,
GSE102365,0.001357706212733419,-0.0049766960404737885,
GSE102415,0.001357706212733419,-0.0049766960404737885,
GSE102443,0.001357706212733419,-0.0049766960404737885,
GSE102446,0.001357706212733419,-0.0049766960404737885,
GSE102454,0.001357706212733419,-0.0049766960404737885,
GSE102455,0.001357706212733419,-0.0049766960404737885,
GSE102491,0.001357706212733419,-0.0049766960404737885,
GSE102562,0.001357706212733419,-0.0049766960404737885,
GSE102563,0.001357706212733419,-0.0049766960404737885,
GSE102564,0.001357706212733419,-0.0049766960404737885,
GSE102566,0.001357706212733419,-0.0049766960404737885,
GSE102597,0.001357706212733419,-0.0049766960404737885,
GSE102623,0.001357706212733419,-0.0049766960404737885,
GSE102624,0.001357706212733419,-0.0049766960404737885,
GSE102642,0.001357706212733419,-0.0049766960404737885,
GSE102857,0.001357706212733419,-0.0049766960404737885,
GSE102675,0.001357706212733419,-0.0049766960404737885,
GSE102685,0.001357706212733419,-0.0049766960404737885,
GSE102688,0.001357706212733419,-0.0049766960404737885,
GSE102721,0.001357706212733419,-0.0049766960404737885,
GSE102727,0.001357706212733419,-0.0049766960404737885,
GSE102757,0.001357706212733419,-0.0049766960404737885,
GSE102768,0.001357706212733419,-0.0049766960404737885,
GSE102772,0.001357706212733419,-0.0049766960404737885,
GSE102783,0.001357706212733419,-0.0049766960404737885,
GSE102788,0.001357706212733419,-0.0049766960404737885,
GSE102789,0.001357706212733419,-0.0049766960404737885,
GSE102808,0.001357706212733419,-0.0049766960404737885,
GSE102817,0.001357706212733419,-0.0049766960404737885,
GSE102827,0.001357706212733419,-0.0049766960404737885,
GSE102856,0.001357706212733419,-0.0049766960404737885,
GSE102659,0.001357706212733419,-0.0049766960404737885,
GSE104236,0.001357706212733419,-0.0049766960404737885,
GSE104264,0.001357706212733419,-0.0049766960404737885,
GSE104294,0.001357706212733419,-0.0049766960404737885,
GSE104300,0.001357706212733419,-0.0049766960404737885,
GSE104305,0.001357706212733419,-0.0049766960404737885,
GSE104325,0.001357706212733419,-0.0049766960404737885,
GSE104331,0.001357706212733419,-0.0049766960404737885,
GSE104365,0.001357706212733419,-0.0049766960404737885,
GSE104396,0.001357706212733419,-0.0049766960404737885,
GSE104415,0.001357706212733419,-0.0049766960404737885,
GSE104443,0.001357706212733419,-0.0049766960404737885,
GSE104453,0.001357706212733419,-0.0049766960404737885,
GSE104461,0.001357706212733419,-0.0049766960404737885,
GSE104463,0.001357706212733419,-0.0049766960404737885,
GSE103583,0.001357706212733419,-0.0049766960404737885,
GSE104507,0.001357706212733419,-0.0049766960404737885,
GSE104508,0.001357706212733419,-0.0049766960404737885,
GSE104513,0.001357706212733419,-0.0049766960404737885,
GSE104519,0.001357706212733419,-0.0049766960404737885,
GSE104525,0.001357706212733419,-0.0049766960404737885,
GSE104555,0.001357706212733419,-0.0049766960404737885,
GSE104560,0.001357706212733419,-0.0049766960404737885,
GSE104633,0.001357706212733419,-0.0049766960404737885,
GSE104651,0.001357706212733419,-0.0049766960404737885,
GSE104657,0.001357706212733419,-0.0049766960404737885,
GSE104658,0.001357706212733419,-0.0049766960404737885,
GSE104686,0.001357706212733419,-0.0049766960404737885,
GSE104689,0.001357706212733419,-0.0049766960404737885,
GSE104708,0.001357706212733419,-0.0049766960404737885,
GSE104725,0.001357706212733419,-0.0049766960404737885,
GSE104478,0.001357706212733419,-0.0049766960404737885,
GSE103662,0.001357706212733419,-0.0049766960404737885,
GSE103667,0.001357706212733419,-0.0049766960404737885,
GSE103670,0.001357706212733419,-0.0049766960404737885,
GSE103685,0.001357706212733419,-0.0049766960404737885,
GSE103712,0.001357706212733419,-0.0049766960404737885,
GSE103713,0.001357706212733419,-0.0049766960404737885,
GSE103714,0.001357706212733419,-0.0049766960404737885,
GSE103722,0.001357706212733419,-0.0049766960404737885,
GSE103725,0.001357706212733419,-0.0049766960404737885,
GSE103736,0.001357706212733419,-0.0049766960404737885,
GSE103753,0.001357706212733419,-0.0049766960404737885,
GSE103799,0.001357706212733419,-0.0049766960404737885,
GSE103847,0.001357706212733419,-0.0049766960404737885,
GSE103849,0.001357706212733419,-0.0049766960404737885,
GSE103880,0.001357706212733419,-0.0049766960404737885,
GSE104213,0.001357706212733419,-0.0049766960404737885,
GSE103903,0.001357706212733419,-0.0049766960404737885,
GSE103933,0.001357706212733419,-0.0049766960404737885,
GSE103949,0.001357706212733419,-0.0049766960404737885,
GSE103956,0.001357706212733419,-0.0049766960404737885,
GSE103958,0.001357706212733419,-0.0049766960404737885,
GSE103976,0.001357706212733419,-0.0049766960404737885,
GSE104054,0.001357706212733419,-0.0049766960404737885,
GSE104064,0.001357706212733419,-0.0049766960404737885,
GSE104065,0.001357706212733419,-0.0049766960404737885,
GSE104086,0.001357706212733419,-0.0049766960404737885,
GSE104096,0.001357706212733419,-0.0049766960404737885,
GSE104138,0.001357706212733419,-0.0049766960404737885,
GSE104163,0.001357706212733419,-0.0049766960404737885,
GSE104189,0.001357706212733419,-0.0049766960404737885,
GSE104205,0.001357706212733419,-0.0049766960404737885,
GSE103901,0.001357706212733419,-0.0049766960404737885,
GSE99646,0.001357706212733419,-0.0049766960404737885,
GSE99656,0.001357706212733419,-0.0049766960404737885,
GSE100601,0.001357706212733419,-0.0049766960404737885,
GSE100607,0.001357706212733419,-0.0049766960404737885,
GSE100608,0.001357706212733419,-0.0049766960404737885,
GSE100634,0.001357706212733419,-0.0049766960404737885,
GSE100674,0.001357706212733419,-0.0049766960404737885,
GSE100686,0.001357706212733419,-0.0049766960404737885,
GSE100690,0.001357706212733419,-0.0049766960404737885,
GSE100727,0.001357706212733419,-0.0049766960404737885,
GSE100732,0.001357706212733419,-0.0049766960404737885,
GSE100771,0.001357706212733419,-0.0049766960404737885,
GSE100807,0.001357706212733419,-0.0049766960404737885,
GSE100816,0.001357706212733419,-0.0049766960404737885,
GSE102345,0.001357706212733419,-0.0049766960404737885,
GSE100827,0.001357706212733419,-0.0049766960404737885,
GSE100835,0.001357706212733419,-0.0049766960404737885,
GSE100858,0.001357706212733419,-0.0049766960404737885,
GSE100863,0.001357706212733419,-0.0049766960404737885,
GSE100873,0.001357706212733419,-0.0049766960404737885,
GSE100874,0.001357706212733419,-0.0049766960404737885,
GSE100888,0.001357706212733419,-0.0049766960404737885,
GSE100934,0.001357706212733419,-0.0049766960404737885,
GSE100941,0.001357706212733419,-0.0049766960404737885,
GSE100961,0.001357706212733419,-0.0049766960404737885,
GSE100964,0.001357706212733419,-0.0049766960404737885,
GSE100981,0.001357706212733419,-0.0049766960404737885,
GSE100983,0.001357706212733419,-0.0049766960404737885,
GSE100990,0.001357706212733419,-0.0049766960404737885,
GSE101016,0.001357706212733419,-0.0049766960404737885,
GSE100820,0.001357706212733419,-0.0049766960404737885,
GSE99260,0.001357706212733419,-0.0049766960404737885,
GSE100599,0.001357706212733419,-0.0049766960404737885,
GSE99160,0.001357706212733419,-0.0049766960404737885,
GSE99164,0.001357706212733419,-0.0049766960404737885,
GSE99166,0.001357706212733419,-0.0049766960404737885,
GSE99233,0.001357706212733419,-0.0049766960404737885,
GSE99235,0.001357706212733419,-0.0049766960404737885,
GSE99250,0.001357706212733419,-0.0049766960404737885,
GSE99251,0.001357706212733419,-0.0049766960404737885,
GSE100035,0.001357706212733419,-0.0049766960404737885,
GSE99265,0.001357706212733419,-0.0049766960404737885,
GSE99296,0.001357706212733419,-0.0049766960404737885,
GSE99307,0.001357706212733419,-0.0049766960404737885,
GSE99331,0.001357706212733419,-0.0049766960404737885,
GSE99347,0.001357706212733419,-0.0049766960404737885,
GSE99645,0.001357706212733419,-0.0049766960404737885,
GSE99364,0.001357706212733419,-0.0049766960404737885,
GSE99372,0.001357706212733419,-0.0049766960404737885,
GSE99397,0.001357706212733419,-0.0049766960404737885,
GSE99409,0.001357706212733419,-0.0049766960404737885,
GSE99412,0.001357706212733419,-0.0049766960404737885,
GSE99440,0.001357706212733419,-0.0049766960404737885,
GSE99457,0.001357706212733419,-0.0049766960404737885,
GSE99485,0.001357706212733419,-0.0049766960404737885,
GSE99491,0.001357706212733419,-0.0049766960404737885,
GSE99504,0.001357706212733419,-0.0049766960404737885,
GSE99516,0.001357706212733419,-0.0049766960404737885,
GSE99575,0.001357706212733419,-0.0049766960404737885,
GSE99588,0.001357706212733419,-0.0049766960404737885,
GSE99619,0.001357706212733419,-0.0049766960404737885,
GSE99622,0.001357706212733419,-0.0049766960404737885,
GSE99363,0.001357706212733419,-0.0049766960404737885,
GSE101823,0.001357706212733419,-0.0049766960404737885,
GSE101826,0.001357706212733419,-0.0049766960404737885,
GSE101838,0.001357706212733419,-0.0049766960404737885,
GSE101859,0.001357706212733419,-0.0049766960404737885,
GSE101898,0.001357706212733419,-0.0049766960404737885,
GSE101900,0.001357706212733419,-0.0049766960404737885,
GSE101902,0.001357706212733419,-0.0049766960404737885,
GSE101903,0.001357706212733419,-0.0049766960404737885,
GSE101905,0.001357706212733419,-0.0049766960404737885,
GSE101925,0.001357706212733419,-0.0049766960404737885,
GSE101928,0.001357706212733419,-0.0049766960404737885,
GSE101939,0.001357706212733419,-0.0049766960404737885,
GSE101957,0.001357706212733419,-0.0049766960404737885,
GSE101984,0.001357706212733419,-0.0049766960404737885,
GSE101091,0.001357706212733419,-0.0049766960404737885,
GSE101994,0.001357706212733419,-0.0049766960404737885,
GSE101995,0.001357706212733419,-0.0049766960404737885,
GSE101996,0.001357706212733419,-0.0049766960404737885,
GSE102007,0.001357706212733419,-0.0049766960404737885,
GSE102014,0.001357706212733419,-0.0049766960404737885,
GSE102020,0.001357706212733419,-0.0049766960404737885,
GSE102123,0.001357706212733419,-0.0049766960404737885,
GSE102159,0.001357706212733419,-0.0049766960404737885,
GSE102161,0.001357706212733419,-0.0049766960404737885,
GSE102204,0.001357706212733419,-0.0049766960404737885,
GSE102227,0.001357706212733419,-0.0049766960404737885,
GSE102269,0.001357706212733419,-0.0049766960404737885,
GSE102299,0.001357706212733419,-0.0049766960404737885,
GSE102317,0.001357706212733419,-0.0049766960404737885,
GSE102334,0.001357706212733419,-0.0049766960404737885,
GSE101986,0.001357706212733419,-0.0049766960404737885,
GSE101092,0.001357706212733419,-0.0049766960404737885,
GSE101125,0.001357706212733419,-0.0049766960404737885,
GSE101334,0.001357706212733419,-0.0049766960404737885,
GSE101340,0.001357706212733419,-0.0049766960404737885,
GSE101391,0.001357706212733419,-0.0049766960404737885,
GSE101470,0.001357706212733419,-0.0049766960404737885,
GSE101487,0.001357706212733419,-0.0049766960404737885,
GSE101510,0.001357706212733419,-0.0049766960404737885,
GSE101527,0.001357706212733419,-0.0049766960404737885,
GSE101537,0.001357706212733419,-0.0049766960404737885,
GSE101552,0.001357706212733419,-0.0049766960404737885,
GSE101576,0.001357706212733419,-0.0049766960404737885,
GSE101596,0.001357706212733419,-0.0049766960404737885,
GSE101605,0.001357706212733419,-0.0049766960404737885,
GSE101623,0.001357706212733419,-0.0049766960404737885,
GSE101815,0.001357706212733419,-0.0049766960404737885,
GSE101643,0.001357706212733419,-0.0049766960404737885,
GSE101650,0.001357706212733419,-0.0049766960404737885,
GSE101657,0.001357706212733419,-0.0049766960404737885,
GSE101678,0.001357706212733419,-0.0049766960404737885,
GSE101690,0.001357706212733419,-0.0049766960404737885,
GSE101696,0.001357706212733419,-0.0049766960404737885,
GSE101701,0.001357706212733419,-0.0049766960404737885,
GSE101712,0.001357706212733419,-0.0049766960404737885,
GSE101722,0.001357706212733419,-0.0049766960404737885,
GSE101732,0.001357706212733419,-0.0049766960404737885,
GSE101748,0.001357706212733419,-0.0049766960404737885,
GSE101767,0.001357706212733419,-0.0049766960404737885,
GSE101772,0.001357706212733419,-0.0049766960404737885,
GSE101806,0.001357706212733419,-0.0049766960404737885,
GSE101810,0.001357706212733419,-0.0049766960404737885,
GSE101624,0.001357706212733419,-0.0049766960404737885,
GSE21699,0.001357706212733419,-0.0049766960404737885,
GSE22001,0.001357706212733419,-0.0049766960404737885,
GSE22131,0.001357706212733419,-0.0049766960404737885,
GSE22182,0.001357706212733419,-0.0049766960404737885,
GSE23619,0.001357706212733419,-0.0049766960404737885,
GSE23943,0.001357706212733419,-0.0049766960404737885,
GSE25409,0.001357706212733419,-0.0049766960404737885,
GSE25432,0.001357706212733419,-0.0049766960404737885,
GSE25602,0.001357706212733419,-0.0049766960404737885,
GSE25626,0.001357706212733419,-0.0049766960404737885,
GSE26248,0.001357706212733419,-0.0049766960404737885,
GSE26337,0.001357706212733419,-0.0049766960404737885,
GSE27016,0.001357706212733419,-0.0049766960404737885,
GSE27037,0.001357706212733419,-0.0049766960404737885,
GSE104734,0.001357706212733419,-0.0049766960404737885,
GSE27218,0.001357706212733419,-0.0049766960404737885,
GSE27623,0.001357706212733419,-0.0049766960404737885,
GSE27843,0.001357706212733419,-0.0049766960404737885,
GSE28207,0.001357706212733419,-0.0049766960404737885,
GSE28532,0.001357706212733419,-0.0049766960404737885,
GSE28666,0.001357706212733419,-0.0049766960404737885,
GSE29087,0.001357706212733419,-0.0049766960404737885,
GSE29278,0.001357706212733419,-0.0049766960404737885,
GSE29362,0.001357706212733419,-0.0049766960404737885,
GSE29413,0.001357706212733419,-0.0049766960404737885,
GSE29446,0.001357706212733419,-0.0049766960404737885,
GSE29690,0.001357706212733419,-0.0049766960404737885,
GSE29752,0.001357706212733419,-0.0049766960404737885,
GSE29898,0.001357706212733419,-0.0049766960404737885,
GSE30578,0.001357706212733419,-0.0049766960404737885,
GSE27201,0.001357706212733419,-0.0049766960404737885,
GSE109418,0.001357706212733419,-0.0049766960404737885,
GSE109522,0.001357706212733419,-0.0049766960404737885,
GSE109544,0.001357706212733419,-0.0049766960404737885,
GSE109556,0.001357706212733419,-0.0049766960404737885,
GSE109653,0.001357706212733419,-0.0049766960404737885,
GSE109847,0.001357706212733419,-0.0049766960404737885,
GSE109913,0.001357706212733419,-0.0049766960404737885,
GSE110648,0.001357706212733419,-0.0049766960404737885,
GSE111778,0.001357706212733419,-0.0049766960404737885,
GSE112204,0.001357706212733419,-0.0049766960404737885,
GSE114997,0.001357706212733419,-0.0049766960404737885,
GSE116177,0.001357706212733419,-0.0049766960404737885,
GSE116525,0.001357706212733419,-0.0049766960404737885,
GSE117470,0.001357706212733419,-0.0049766960404737885,
GSE117978,0.001357706212733419,-0.0049766960404737885,
GSE21580,0.001357706212733419,-0.0049766960404737885,
GSE119498,0.001357706212733419,-0.0049766960404737885,
GSE120161,0.001357706212733419,-0.0049766960404737885,
GSE121611,0.001357706212733419,-0.0049766960404737885,
GSE121654,0.001357706212733419,-0.0049766960404737885,
GSE122108,0.001357706212733419,-0.0049766960404737885,
GSE122331,0.001357706212733419,-0.0049766960404737885,
GSE123021,0.001357706212733419,-0.0049766960404737885,
GSE124829,0.001357706212733419,-0.0049766960404737885,
GSE124872,0.001357706212733419,-0.0049766960404737885,
GSE19066,0.001357706212733419,-0.0049766960404737885,
GSE20846,0.001357706212733419,-0.0049766960404737885,
GSE20851,0.001357706212733419,-0.0049766960404737885,
GSE20898,0.001357706212733419,-0.0049766960404737885,
GSE21161,0.001357706212733419,-0.0049766960404737885,
GSE21180,0.001357706212733419,-0.0049766960404737885,
GSE118898,0.001357706212733419,-0.0049766960404737885,
GSE34483,0.001357706212733419,-0.0049766960404737885,
GSE34550,0.001357706212733419,-0.0049766960404737885,
GSE34854,0.001357706212733419,-0.0049766960404737885,
GSE34903,0.001357706212733419,-0.0049766960404737885,
GSE35005,0.001357706212733419,-0.0049766960404737885,
GSE35213,0.001357706212733419,-0.0049766960404737885,
GSE35350,0.001357706212733419,-0.0049766960404737885,
GSE35368,0.001357706212733419,-0.0049766960404737885,
GSE35510,0.001357706212733419,-0.0049766960404737885,
GSE35553,0.001357706212733419,-0.0049766960404737885,
GSE35599,0.001357706212733419,-0.0049766960404737885,
GSE35616,0.001357706212733419,-0.0049766960404737885,
GSE35626,0.001357706212733419,-0.0049766960404737885,
GSE35681,0.001357706212733419,-0.0049766960404737885,
GSE30581,0.001357706212733419,-0.0049766960404737885,
GSE35833,0.001357706212733419,-0.0049766960404737885,
GSE35838,0.001357706212733419,-0.0049766960404737885,
GSE35857,0.001357706212733419,-0.0049766960404737885,
GSE36005,0.001357706212733419,-0.0049766960404737885,
GSE36025,0.001357706212733419,-0.0049766960404737885,
GSE36026,0.001357706212733419,-0.0049766960404737885,
GSE36103,0.001357706212733419,-0.0049766960404737885,
GSE36232,0.001357706212733419,-0.0049766960404737885,
GSE36290,0.001357706212733419,-0.0049766960404737885,
GSE36567,0.001357706212733419,-0.0049766960404737885,
GSE36639,0.001357706212733419,-0.0049766960404737885,
GSE36799,0.001357706212733419,-0.0049766960404737885,
GSE36871,0.001357706212733419,-0.0049766960404737885,
GSE36872,0.001357706212733419,-0.0049766960404737885,
GSE36873,0.001357706212733419,-0.0049766960404737885,
GSE35724,0.001357706212733419,-0.0049766960404737885,
GSE30641,0.001357706212733419,-0.0049766960404737885,
GSE30765,0.001357706212733419,-0.0049766960404737885,
GSE30839,0.001357706212733419,-0.0049766960404737885,
GSE30943,0.001357706212733419,-0.0049766960404737885,
GSE31182,0.001357706212733419,-0.0049766960404737885,
GSE31223,0.001357706212733419,-0.0049766960404737885,
GSE31234,0.001357706212733419,-0.0049766960404737885,
GSE31271,0.001357706212733419,-0.0049766960404737885,
GSE31385,0.001357706212733419,-0.0049766960404737885,
GSE31530,0.001357706212733419,-0.0049766960404737885,
GSE31555,0.001357706212733419,-0.0049766960404737885,
GSE31839,0.001357706212733419,-0.0049766960404737885,
GSE31843,0.001357706212733419,-0.0049766960404737885,
GSE31920,0.001357706212733419,-0.0049766960404737885,
GSE32110,0.001357706212733419,-0.0049766960404737885,
GSE34274,0.001357706212733419,-0.0049766960404737885,
GSE32916,0.001357706212733419,-0.0049766960404737885,
GSE33060,0.001357706212733419,-0.0049766960404737885,
GSE33141,0.001357706212733419,-0.0049766960404737885,
GSE33252,0.001357706212733419,-0.0049766960404737885,
GSE33306,0.001357706212733419,-0.0049766960404737885,
GSE33343,0.001357706212733419,-0.0049766960404737885,
GSE33468,0.001357706212733419,-0.0049766960404737885,
GSE33473,0.001357706212733419,-0.0049766960404737885,
GSE33527,0.001357706212733419,-0.0049766960404737885,
GSE33815,0.001357706212733419,-0.0049766960404737885,
GSE33920,0.001357706212733419,-0.0049766960404737885,
GSE33921,0.001357706212733419,-0.0049766960404737885,
GSE33922,0.001357706212733419,-0.0049766960404737885,
GSE33979,0.001357706212733419,-0.0049766960404737885,
GSE34030,0.001357706212733419,-0.0049766960404737885,
GSE32190,0.001357706212733419,-0.0049766960404737885,
GSE106210,0.001357706212733419,-0.0049766960404737885,
GSE106259,0.001357706212733419,-0.0049766960404737885,
GSE106264,0.001357706212733419,-0.0049766960404737885,
GSE106273,0.001357706212733419,-0.0049766960404737885,
GSE106275,0.001357706212733419,-0.0049766960404737885,
GSE106294,0.001357706212733419,-0.0049766960404737885,
GSE106330,0.001357706212733419,-0.0049766960404737885,
GSE106332,0.001357706212733419,-0.0049766960404737885,
GSE106349,0.001357706212733419,-0.0049766960404737885,
GSE106365,0.001357706212733419,-0.0049766960404737885,
GSE106386,0.001357706212733419,-0.0049766960404737885,
GSE106413,0.001357706212733419,-0.0049766960404737885,
GSE106423,0.001357706212733419,-0.0049766960404737885,
GSE106436,0.001357706212733419,-0.0049766960404737885,
GSE109404,0.001357706212733419,-0.0049766960404737885,
GSE106467,0.001357706212733419,-0.0049766960404737885,
GSE106471,0.001357706212733419,-0.0049766960404737885,
GSE106488,0.001357706212733419,-0.0049766960404737885,
GSE106510,0.001357706212733419,-0.0049766960404737885,
GSE106550,0.001357706212733419,-0.0049766960404737885,
GSE106575,0.001357706212733419,-0.0049766960404737885,
GSE106586,0.001357706212733419,-0.0049766960404737885,
GSE106594,0.001357706212733419,-0.0049766960404737885,
GSE106612,0.001357706212733419,-0.0049766960404737885,
GSE106663,0.001357706212733419,-0.0049766960404737885,
GSE106674,0.001357706212733419,-0.0049766960404737885,
GSE106678,0.001357706212733419,-0.0049766960404737885,
GSE106692,0.001357706212733419,-0.0049766960404737885,
GSE106700,0.001357706212733419,-0.0049766960404737885,
GSE106709,0.001357706212733419,-0.0049766960404737885,
GSE106447,0.001357706212733419,-0.0049766960404737885,
GSE104762,0.001357706212733419,-0.0049766960404737885,
GSE104777,0.001357706212733419,-0.0049766960404737885,
GSE104790,0.001357706212733419,-0.0049766960404737885,
GSE104803,0.001357706212733419,-0.0049766960404737885,
GSE104820,0.001357706212733419,-0.0049766960404737885,
GSE104867,0.001357706212733419,-0.0049766960404737885,
GSE104875,0.001357706212733419,-0.0049766960404737885,
GSE104920,0.001357706212733419,-0.0049766960404737885,
GSE104990,0.001357706212733419,-0.0049766960404737885,
GSE105035,0.001357706212733419,-0.0049766960404737885,
GSE105043,0.001357706212733419,-0.0049766960404737885,
GSE105045,0.001357706212733419,-0.0049766960404737885,
GSE105051,0.001357706212733419,-0.0049766960404737885,
GSE105054,0.001357706212733419,-0.0049766960404737885,
GSE105055,0.001357706212733419,-0.0049766960404737885,
GSE106188,0.001357706212733419,-0.0049766960404737885,
GSE105158,0.001357706212733419,-0.0049766960404737885,
GSE105159,0.001357706212733419,-0.0049766960404737885,
GSE105266,0.001357706212733419,-0.0049766960404737885,
GSE105455,0.001357706212733419,-0.0049766960404737885,
GSE105471,0.001357706212733419,-0.0049766960404737885,
GSE105806,0.001357706212733419,-0.0049766960404737885,
GSE106072,0.001357706212733419,-0.0049766960404737885,
GSE106083,0.001357706212733419,-0.0049766960404737885,
GSE106085,0.001357706212733419,-0.0049766960404737885,
GSE106102,0.001357706212733419,-0.0049766960404737885,
GSE106107,0.001357706212733419,-0.0049766960404737885,
GSE106120,0.001357706212733419,-0.0049766960404737885,
GSE106138,0.001357706212733419,-0.0049766960404737885,
GSE106161,0.001357706212733419,-0.0049766960404737885,
GSE106165,0.001357706212733419,-0.0049766960404737885,
GSE105138,0.001357706212733419,-0.0049766960404737885,
GSE108045,0.001357706212733419,-0.0049766960404737885,
GSE108067,0.001357706212733419,-0.0049766960404737885,
GSE108069,0.001357706212733419,-0.0049766960404737885,
GSE108080,0.001357706212733419,-0.0049766960404737885,
GSE108106,0.001357706212733419,-0.0049766960404737885,
GSE108108,0.001357706212733419,-0.0049766960404737885,
GSE108161,0.001357706212733419,-0.0049766960404737885,
GSE108184,0.001357706212733419,-0.0049766960404737885,
GSE108367,0.001357706212733419,-0.0049766960404737885,
GSE108402,0.001357706212733419,-0.0049766960404737885,
GSE108438,0.001357706212733419,-0.0049766960404737885,
GSE108478,0.001357706212733419,-0.0049766960404737885,
GSE108523,0.001357706212733419,-0.0049766960404737885,
GSE108528,0.001357706212733419,-0.0049766960404737885,
GSE108678,0.001357706212733419,-0.0049766960404737885,
GSE106760,0.001357706212733419,-0.0049766960404737885,
GSE108769,0.001357706212733419,-0.0049766960404737885,
GSE108811,0.001357706212733419,-0.0049766960404737885,
GSE108836,0.001357706212733419,-0.0049766960404737885,
GSE108917,0.001357706212733419,-0.0049766960404737885,
GSE109002,0.001357706212733419,-0.0049766960404737885,
GSE109032,0.001357706212733419,-0.0049766960404737885,
GSE109099,0.001357706212733419,-0.0049766960404737885,
GSE109125,0.001357706212733419,-0.0049766960404737885,
GSE109152,0.001357706212733419,-0.0049766960404737885,
GSE109165,0.001357706212733419,-0.0049766960404737885,
GSE109238,0.001357706212733419,-0.0049766960404737885,
GSE109279,0.001357706212733419,-0.0049766960404737885,
GSE109285,0.001357706212733419,-0.0049766960404737885,
GSE109345,0.001357706212733419,-0.0049766960404737885,
GSE109362,0.001357706212733419,-0.0049766960404737885,
GSE108753,0.001357706212733419,-0.0049766960404737885,
GSE106789,0.001357706212733419,-0.0049766960404737885,
GSE106895,0.001357706212733419,-0.0049766960404737885,
GSE106901,0.001357706212733419,-0.0049766960404737885,
GSE106913,0.001357706212733419,-0.0049766960404737885,
GSE106969,0.001357706212733419,-0.0049766960404737885,
GSE107053,0.001357706212733419,-0.0049766960404737885,
GSE107115,0.001357706212733419,-0.0049766960404737885,
GSE107122,0.001357706212733419,-0.0049766960404737885,
GSE107220,0.001357706212733419,-0.0049766960404737885,
GSE107281,0.001357706212733419,-0.0049766960404737885,
GSE107289,0.001357706212733419,-0.0049766960404737885,
GSE107338,0.001357706212733419,-0.0049766960404737885,
GSE107389,0.001357706212733419,-0.0049766960404737885,
GSE107413,0.001357706212733419,-0.0049766960404737885,
GSE107470,0.001357706212733419,-0.0049766960404737885,
GSE108044,0.001357706212733419,-0.0049766960404737885,
GSE107586,0.001357706212733419,-0.0049766960404737885,
GSE107592,0.001357706212733419,-0.0049766960404737885,
GSE107617,0.001357706212733419,-0.0049766960404737885,
GSE107632,0.001357706212733419,-0.0049766960404737885,
GSE107643,0.001357706212733419,-0.0049766960404737885,
GSE107653,0.001357706212733419,-0.0049766960404737885,
GSE107655,0.001357706212733419,-0.0049766960404737885,
GSE107670,0.001357706212733419,-0.0049766960404737885,
GSE107678,0.001357706212733419,-0.0049766960404737885,
GSE107740,0.001357706212733419,-0.0049766960404737885,
GSE107840,0.001357706212733419,-0.0049766960404737885,
GSE107849,0.001357706212733419,-0.0049766960404737885,
GSE107915,0.001357706212733419,-0.0049766960404737885,
GSE107925,0.001357706212733419,-0.0049766960404737885,
GSE107958,0.001357706212733419,-0.0049766960404737885,
GSE107583,0.001357706212733419,-0.0049766960404737885,
GSE67672,0.001357706212733419,-0.0049766960404737885,
GSE67674,0.001357706212733419,-0.0049766960404737885,
GSE67681,0.001357706212733419,-0.0049766960404737885,
GSE67688,0.001357706212733419,-0.0049766960404737885,
GSE67691,0.001357706212733419,-0.0049766960404737885,
GSE67715,0.001357706212733419,-0.0049766960404737885,
GSE67741,0.001357706212733419,-0.0049766960404737885,
GSE67750,0.001357706212733419,-0.0049766960404737885,
GSE67786,0.001357706212733419,-0.0049766960404737885,
GSE67790,0.001357706212733419,-0.0049766960404737885,
GSE67828,0.001357706212733419,-0.0049766960404737885,
GSE67834,0.001357706212733419,-0.0049766960404737885,
GSE67863,0.001357706212733419,-0.0049766960404737885,
GSE67868,0.001357706212733419,-0.0049766960404737885,
GSE55808,0.001357706212733419,-0.0049766960404737885,
GSE67933,0.001357706212733419,-0.0049766960404737885,
GSE67934,0.001357706212733419,-0.0049766960404737885,
GSE67957,0.001357706212733419,-0.0049766960404737885,
GSE67972,0.001357706212733419,-0.0049766960404737885,
GSE67991,0.001357706212733419,-0.0049766960404737885,
GSE68025,0.001357706212733419,-0.0049766960404737885,
GSE68056,0.001357706212733419,-0.0049766960404737885,
GSE68083,0.001357706212733419,-0.0049766960404737885,
GSE68139,0.001357706212733419,-0.0049766960404737885,
GSE68140,0.001357706212733419,-0.0049766960404737885,
GSE68147,0.001357706212733419,-0.0049766960404737885,
GSE68150,0.001357706212733419,-0.0049766960404737885,
GSE68155,0.001357706212733419,-0.0049766960404737885,
GSE68156,0.001357706212733419,-0.0049766960404737885,
GSE68160,0.001357706212733419,-0.0049766960404737885,
GSE67889,0.001357706212733419,-0.0049766960404737885,
GSE67207,0.001357706212733419,-0.0049766960404737885,
GSE67265,0.001357706212733419,-0.0049766960404737885,
GSE67266,0.001357706212733419,-0.0049766960404737885,
GSE67270,0.001357706212733419,-0.0049766960404737885,
GSE67291,0.001357706212733419,-0.0049766960404737885,
GSE67294,0.001357706212733419,-0.0049766960404737885,
GSE67305,0.001357706212733419,-0.0049766960404737885,
GSE67310,0.001357706212733419,-0.0049766960404737885,
GSE67324,0.001357706212733419,-0.0049766960404737885,
GSE67334,0.001357706212733419,-0.0049766960404737885,
GSE67335,0.001357706212733419,-0.0049766960404737885,
GSE67355,0.001357706212733419,-0.0049766960404737885,
GSE67363,0.001357706212733419,-0.0049766960404737885,
GSE67374,0.001357706212733419,-0.0049766960404737885,
GSE67379,0.001357706212733419,-0.0049766960404737885,
GSE67658,0.001357706212733419,-0.0049766960404737885,
GSE67404,0.001357706212733419,-0.0049766960404737885,
GSE67437,0.001357706212733419,-0.0049766960404737885,
GSE67476,0.001357706212733419,-0.0049766960404737885,
GSE67478,0.001357706212733419,-0.0049766960404737885,
GSE67516,0.001357706212733419,-0.0049766960404737885,
GSE67517,0.001357706212733419,-0.0049766960404737885,
GSE67541,0.001357706212733419,-0.0049766960404737885,
GSE67556,0.001357706212733419,-0.0049766960404737885,
GSE67572,0.001357706212733419,-0.0049766960404737885,
GSE67583,0.001357706212733419,-0.0049766960404737885,
GSE67602,0.001357706212733419,-0.0049766960404737885,
GSE67609,0.001357706212733419,-0.0049766960404737885,
GSE67610,0.001357706212733419,-0.0049766960404737885,
GSE67634,0.001357706212733419,-0.0049766960404737885,
GSE67647,0.001357706212733419,-0.0049766960404737885,
GSE67403,0.001357706212733419,-0.0049766960404737885,
GSE68770,0.001357706212733419,-0.0049766960404737885,
GSE68806,0.001357706212733419,-0.0049766960404737885,
GSE68812,0.001357706212733419,-0.0049766960404737885,
GSE68818,0.001357706212733419,-0.0049766960404737885,
GSE68822,0.001357706212733419,-0.0049766960404737885,
GSE68831,0.001357706212733419,-0.0049766960404737885,
GSE68846,0.001357706212733419,-0.0049766960404737885,
GSE68884,0.001357706212733419,-0.0049766960404737885,
GSE68902,0.001357706212733419,-0.0049766960404737885,
GSE68911,0.001357706212733419,-0.0049766960404737885,
GSE68915,0.001357706212733419,-0.0049766960404737885,
GSE68921,0.001357706212733419,-0.0049766960404737885,
GSE68949,0.001357706212733419,-0.0049766960404737885,
GSE68958,0.001357706212733419,-0.0049766960404737885,
GSE68177,0.001357706212733419,-0.0049766960404737885,
GSE68998,0.001357706212733419,-0.0049766960404737885,
GSE69007,0.001357706212733419,-0.0049766960404737885,
GSE69018,0.001357706212733419,-0.0049766960404737885,
GSE69054,0.001357706212733419,-0.0049766960404737885,
GSE69080,0.001357706212733419,-0.0049766960404737885,
GSE69097,0.001357706212733419,-0.0049766960404737885,
GSE69129,0.001357706212733419,-0.0049766960404737885,
GSE69132,0.001357706212733419,-0.0049766960404737885,
GSE69162,0.001357706212733419,-0.0049766960404737885,
GSE69168,0.001357706212733419,-0.0049766960404737885,
GSE69170,0.001357706212733419,-0.0049766960404737885,
GSE69190,0.001357706212733419,-0.0049766960404737885,
GSE69201,0.001357706212733419,-0.0049766960404737885,
GSE69221,0.001357706212733419,-0.0049766960404737885,
GSE69227,0.001357706212733419,-0.0049766960404737885,
GSE68981,0.001357706212733419,-0.0049766960404737885,
GSE68178,0.001357706212733419,-0.0049766960404737885,
GSE68190,0.001357706212733419,-0.0049766960404737885,
GSE68220,0.001357706212733419,-0.0049766960404737885,
GSE68242,0.001357706212733419,-0.0049766960404737885,
GSE68251,0.001357706212733419,-0.0049766960404737885,
GSE68265,0.001357706212733419,-0.0049766960404737885,
GSE68270,0.001357706212733419,-0.0049766960404737885,
GSE68283,0.001357706212733419,-0.0049766960404737885,
GSE68284,0.001357706212733419,-0.0049766960404737885,
GSE68315,0.001357706212733419,-0.0049766960404737885,
GSE68318,0.001357706212733419,-0.0049766960404737885,
GSE68360,0.001357706212733419,-0.0049766960404737885,
GSE68376,0.001357706212733419,-0.0049766960404737885,
GSE68391,0.001357706212733419,-0.0049766960404737885,
GSE68461,0.001357706212733419,-0.0049766960404737885,
GSE68769,0.001357706212733419,-0.0049766960404737885,
GSE68470,0.001357706212733419,-0.0049766960404737885,
GSE68472,0.001357706212733419,-0.0049766960404737885,
GSE68509,0.001357706212733419,-0.0049766960404737885,
GSE68511,0.001357706212733419,-0.0049766960404737885,
GSE68582,0.001357706212733419,-0.0049766960404737885,
GSE68602,0.001357706212733419,-0.0049766960404737885,
GSE68617,0.001357706212733419,-0.0049766960404737885,
GSE68618,0.001357706212733419,-0.0049766960404737885,
GSE68628,0.001357706212733419,-0.0049766960404737885,
GSE68699,0.001357706212733419,-0.0049766960404737885,
GSE68713,0.001357706212733419,-0.0049766960404737885,
GSE68715,0.001357706212733419,-0.0049766960404737885,
GSE68736,0.001357706212733419,-0.0049766960404737885,
GSE68746,0.001357706212733419,-0.0049766960404737885,
GSE68768,0.001357706212733419,-0.0049766960404737885,
GSE68462,0.001357706212733419,-0.0049766960404737885,
GSE65887,0.001357706212733419,-0.0049766960404737885,
GSE65921,0.001357706212733419,-0.0049766960404737885,
GSE65922,0.001357706212733419,-0.0049766960404737885,
GSE65924,0.001357706212733419,-0.0049766960404737885,
GSE65929,0.001357706212733419,-0.0049766960404737885,
GSE65935,0.001357706212733419,-0.0049766960404737885,
GSE65936,0.001357706212733419,-0.0049766960404737885,
GSE65950,0.001357706212733419,-0.0049766960404737885,
GSE65955,0.001357706212733419,-0.0049766960404737885,
GSE65970,0.001357706212733419,-0.0049766960404737885,
GSE65973,0.001357706212733419,-0.0049766960404737885,
GSE65976,0.001357706212733419,-0.0049766960404737885,
GSE65987,0.001357706212733419,-0.0049766960404737885,
GSE65994,0.001357706212733419,-0.0049766960404737885,
GSE67186,0.001357706212733419,-0.0049766960404737885,
GSE66003,0.001357706212733419,-0.0049766960404737885,
GSE66007,0.001357706212733419,-0.0049766960404737885,
GSE66008,0.001357706212733419,-0.0049766960404737885,
GSE66029,0.001357706212733419,-0.0049766960404737885,
GSE66040,0.001357706212733419,-0.0049766960404737885,
GSE66049,0.001357706212733419,-0.0049766960404737885,
GSE66054,0.001357706212733419,-0.0049766960404737885,
GSE66066,0.001357706212733419,-0.0049766960404737885,
GSE66068,0.001357706212733419,-0.0049766960404737885,
GSE66127,0.001357706212733419,-0.0049766960404737885,
GSE66128,0.001357706212733419,-0.0049766960404737885,
GSE66137,0.001357706212733419,-0.0049766960404737885,
GSE66138,0.001357706212733419,-0.0049766960404737885,
GSE66145,0.001357706212733419,-0.0049766960404737885,
GSE66202,0.001357706212733419,-0.0049766960404737885,
GSE66001,0.001357706212733419,-0.0049766960404737885,
GSE65498,0.001357706212733419,-0.0049766960404737885,
GSE65504,0.001357706212733419,-0.0049766960404737885,
GSE65506,0.001357706212733419,-0.0049766960404737885,
GSE65524,0.001357706212733419,-0.0049766960404737885,
GSE65529,0.001357706212733419,-0.0049766960404737885,
GSE65530,0.001357706212733419,-0.0049766960404737885,
GSE65542,0.001357706212733419,-0.0049766960404737885,
GSE65543,0.001357706212733419,-0.0049766960404737885,
GSE65582,0.001357706212733419,-0.0049766960404737885,
GSE65617,0.001357706212733419,-0.0049766960404737885,
GSE65619,0.001357706212733419,-0.0049766960404737885,
GSE65633,0.001357706212733419,-0.0049766960404737885,
GSE65636,0.001357706212733419,-0.0049766960404737885,
GSE65651,0.001357706212733419,-0.0049766960404737885,
GSE65658,0.001357706212733419,-0.0049766960404737885,
GSE65884,0.001357706212733419,-0.0049766960404737885,
GSE65686,0.001357706212733419,-0.0049766960404737885,
GSE65697,0.001357706212733419,-0.0049766960404737885,
GSE65713,0.001357706212733419,-0.0049766960404737885,
GSE65731,0.001357706212733419,-0.0049766960404737885,
GSE65732,0.001357706212733419,-0.0049766960404737885,
GSE65747,0.001357706212733419,-0.0049766960404737885,
GSE65753,0.001357706212733419,-0.0049766960404737885,
GSE65796,0.001357706212733419,-0.0049766960404737885,
GSE65808,0.001357706212733419,-0.0049766960404737885,
GSE65818,0.001357706212733419,-0.0049766960404737885,
GSE65831,0.001357706212733419,-0.0049766960404737885,
GSE65849,0.001357706212733419,-0.0049766960404737885,
GSE65850,0.001357706212733419,-0.0049766960404737885,
GSE65864,0.001357706212733419,-0.0049766960404737885,
GSE65873,0.001357706212733419,-0.0049766960404737885,
GSE65665,0.001357706212733419,-0.0049766960404737885,
GSE66716,0.001357706212733419,-0.0049766960404737885,
GSE66734,0.001357706212733419,-0.0049766960404737885,
GSE66775,0.001357706212733419,-0.0049766960404737885,
GSE66781,0.001357706212733419,-0.0049766960404737885,
GSE66793,0.001357706212733419,-0.0049766960404737885,
GSE66814,0.001357706212733419,-0.0049766960404737885,
GSE66817,0.001357706212733419,-0.0049766960404737885,
GSE66822,0.001357706212733419,-0.0049766960404737885,
GSE66828,0.001357706212733419,-0.0049766960404737885,
GSE66870,0.001357706212733419,-0.0049766960404737885,
GSE66873,0.001357706212733419,-0.0049766960404737885,
GSE66882,0.001357706212733419,-0.0049766960404737885,
GSE66931,0.001357706212733419,-0.0049766960404737885,
GSE66953,0.001357706212733419,-0.0049766960404737885,
GSE66211,0.001357706212733419,-0.0049766960404737885,
GSE66961,0.001357706212733419,-0.0049766960404737885,
GSE66965,0.001357706212733419,-0.0049766960404737885,
GSE66966,0.001357706212733419,-0.0049766960404737885,
GSE66978,0.001357706212733419,-0.0049766960404737885,
GSE67009,0.001357706212733419,-0.0049766960404737885,
GSE67015,0.001357706212733419,-0.0049766960404737885,
GSE67052,0.001357706212733419,-0.0049766960404737885,
GSE67071,0.001357706212733419,-0.0049766960404737885,
GSE67112,0.001357706212733419,-0.0049766960404737885,
GSE67113,0.001357706212733419,-0.0049766960404737885,
GSE67120,0.001357706212733419,-0.0049766960404737885,
GSE67130,0.001357706212733419,-0.0049766960404737885,
GSE67133,0.001357706212733419,-0.0049766960404737885,
GSE67135,0.001357706212733419,-0.0049766960404737885,
GSE67169,0.001357706212733419,-0.0049766960404737885,
GSE66954,0.001357706212733419,-0.0049766960404737885,
GSE66231,0.001357706212733419,-0.0049766960404737885,
GSE66232,0.001357706212733419,-0.0049766960404737885,
GSE66243,0.001357706212733419,-0.0049766960404737885,
GSE66264,0.001357706212733419,-0.0049766960404737885,
GSE66286,0.001357706212733419,-0.0049766960404737885,
GSE66312,0.001357706212733419,-0.0049766960404737885,
GSE66343,0.001357706212733419,-0.0049766960404737885,
GSE66345,0.001357706212733419,-0.0049766960404737885,
GSE66352,0.001357706212733419,-0.0049766960404737885,
GSE66364,0.001357706212733419,-0.0049766960404737885,
GSE66366,0.001357706212733419,-0.0049766960404737885,
GSE66377,0.001357706212733419,-0.0049766960404737885,
GSE66380,0.001357706212733419,-0.0049766960404737885,
GSE66440,0.001357706212733419,-0.0049766960404737885,
GSE66457,0.001357706212733419,-0.0049766960404737885,
GSE66706,0.001357706212733419,-0.0049766960404737885,
GSE66484,0.001357706212733419,-0.0049766960404737885,
GSE66523,0.001357706212733419,-0.0049766960404737885,
GSE66534,0.001357706212733419,-0.0049766960404737885,
GSE66547,0.001357706212733419,-0.0049766960404737885,
GSE66551,0.001357706212733419,-0.0049766960404737885,
GSE66557,0.001357706212733419,-0.0049766960404737885,
GSE66567,0.001357706212733419,-0.0049766960404737885,
GSE66575,0.001357706212733419,-0.0049766960404737885,
GSE66578,0.001357706212733419,-0.0049766960404737885,
GSE66582,0.001357706212733419,-0.0049766960404737885,
GSE66619,0.001357706212733419,-0.0049766960404737885,
GSE66630,0.001357706212733419,-0.0049766960404737885,
GSE66634,0.001357706212733419,-0.0049766960404737885,
GSE66679,0.001357706212733419,-0.0049766960404737885,
GSE66686,0.001357706212733419,-0.0049766960404737885,
GSE66471,0.001357706212733419,-0.0049766960404737885,
GSE71162,0.001357706212733419,-0.0049766960404737885,
GSE71165,0.001357706212733419,-0.0049766960404737885,
GSE71176,0.001357706212733419,-0.0049766960404737885,
GSE71185,0.001357706212733419,-0.0049766960404737885,
GSE71198,0.001357706212733419,-0.0049766960404737885,
GSE71209,0.001357706212733419,-0.0049766960404737885,
GSE71217,0.001357706212733419,-0.0049766960404737885,
GSE71229,0.001357706212733419,-0.0049766960404737885,
GSE71233,0.001357706212733419,-0.0049766960404737885,
GSE71234,0.001357706212733419,-0.0049766960404737885,
GSE71257,0.001357706212733419,-0.0049766960404737885,
GSE71281,0.001357706212733419,-0.0049766960404737885,
GSE71295,0.001357706212733419,-0.0049766960404737885,
GSE71304,0.001357706212733419,-0.0049766960404737885,
GSE69244,0.001357706212733419,-0.0049766960404737885,
GSE71310,0.001357706212733419,-0.0049766960404737885,
GSE71333,0.001357706212733419,-0.0049766960404737885,
GSE71362,0.001357706212733419,-0.0049766960404737885,
GSE71385,0.001357706212733419,-0.0049766960404737885,
GSE71387,0.001357706212733419,-0.0049766960404737885,
GSE71396,0.001357706212733419,-0.0049766960404737885,
GSE71405,0.001357706212733419,-0.0049766960404737885,
GSE71453,0.001357706212733419,-0.0049766960404737885,
GSE71462,0.001357706212733419,-0.0049766960404737885,
GSE71463,0.001357706212733419,-0.0049766960404737885,
GSE71491,0.001357706212733419,-0.0049766960404737885,
GSE71493,0.001357706212733419,-0.0049766960404737885,
GSE71499,0.001357706212733419,-0.0049766960404737885,
GSE71508,0.001357706212733419,-0.0049766960404737885,
GSE71513,0.001357706212733419,-0.0049766960404737885,
GSE71309,0.001357706212733419,-0.0049766960404737885,
GSE70766,0.001357706212733419,-0.0049766960404737885,
GSE70788,0.001357706212733419,-0.0049766960404737885,
GSE70793,0.001357706212733419,-0.0049766960404737885,
GSE70800,0.001357706212733419,-0.0049766960404737885,
GSE70813,0.001357706212733419,-0.0049766960404737885,
GSE70814,0.001357706212733419,-0.0049766960404737885,
GSE70816,0.001357706212733419,-0.0049766960404737885,
GSE70819,0.001357706212733419,-0.0049766960404737885,
GSE70844,0.001357706212733419,-0.0049766960404737885,
GSE70849,0.001357706212733419,-0.0049766960404737885,
GSE70863,0.001357706212733419,-0.0049766960404737885,
GSE70872,0.001357706212733419,-0.0049766960404737885,
GSE70883,0.001357706212733419,-0.0049766960404737885,
GSE70889,0.001357706212733419,-0.0049766960404737885,
GSE70895,0.001357706212733419,-0.0049766960404737885,
GSE71159,0.001357706212733419,-0.0049766960404737885,
GSE70904,0.001357706212733419,-0.0049766960404737885,
GSE70930,0.001357706212733419,-0.0049766960404737885,
GSE70941,0.001357706212733419,-0.0049766960404737885,
GSE70965,0.001357706212733419,-0.0049766960404737885,
GSE70981,0.001357706212733419,-0.0049766960404737885,
GSE70985,0.001357706212733419,-0.0049766960404737885,
GSE71025,0.001357706212733419,-0.0049766960404737885,
GSE71028,0.001357706212733419,-0.0049766960404737885,
GSE71042,0.001357706212733419,-0.0049766960404737885,
GSE71075,0.001357706212733419,-0.0049766960404737885,
GSE71076,0.001357706212733419,-0.0049766960404737885,
GSE71079,0.001357706212733419,-0.0049766960404737885,
GSE71126,0.001357706212733419,-0.0049766960404737885,
GSE71133,0.001357706212733419,-0.0049766960404737885,
GSE71145,0.001357706212733419,-0.0049766960404737885,
GSE70896,0.001357706212733419,-0.0049766960404737885,
GSE72059,0.001357706212733419,-0.0049766960404737885,
GSE72064,0.001357706212733419,-0.0049766960404737885,
GSE72066,0.001357706212733419,-0.0049766960404737885,
GSE72069,0.001357706212733419,-0.0049766960404737885,
GSE72086,0.001357706212733419,-0.0049766960404737885,
GSE72095,0.001357706212733419,-0.0049766960404737885,
GSE72105,0.001357706212733419,-0.0049766960404737885,
GSE72121,0.001357706212733419,-0.0049766960404737885,
GSE72129,0.001357706212733419,-0.0049766960404737885,
GSE72136,0.001357706212733419,-0.0049766960404737885,
GSE72146,0.001357706212733419,-0.0049766960404737885,
GSE72148,0.001357706212733419,-0.0049766960404737885,
GSE72164,0.001357706212733419,-0.0049766960404737885,
GSE72165,0.001357706212733419,-0.0049766960404737885,
GSE71527,0.001357706212733419,-0.0049766960404737885,
GSE100039,0.001357706212733419,-0.0049766960404737885,
GSE72196,0.001357706212733419,-0.0049766960404737885,
GSE72207,0.001357706212733419,-0.0049766960404737885,
GSE72238,0.001357706212733419,-0.0049766960404737885,
GSE72275,0.001357706212733419,-0.0049766960404737885,
GSE72293,0.001357706212733419,-0.0049766960404737885,
GSE72311,0.001357706212733419,-0.0049766960404737885,
GSE72312,0.001357706212733419,-0.0049766960404737885,
GSE72321,0.001357706212733419,-0.0049766960404737885,
GSE72341,0.001357706212733419,-0.0049766960404737885,
GSE72343,0.001357706212733419,-0.0049766960404737885,
GSE72368,0.001357706212733419,-0.0049766960404737885,
GSE72369,0.001357706212733419,-0.0049766960404737885,
GSE72402,0.001357706212733419,-0.0049766960404737885,
GSE72403,0.001357706212733419,-0.0049766960404737885,
GSE72178,0.001357706212733419,-0.0049766960404737885,
GSE71529,0.001357706212733419,-0.0049766960404737885,
GSE71531,0.001357706212733419,-0.0049766960404737885,
GSE71534,0.001357706212733419,-0.0049766960404737885,
GSE71554,0.001357706212733419,-0.0049766960404737885,
GSE71574,0.001357706212733419,-0.0049766960404737885,
GSE71586,0.001357706212733419,-0.0049766960404737885,
GSE71588,0.001357706212733419,-0.0049766960404737885,
GSE71591,0.001357706212733419,-0.0049766960404737885,
GSE71619,0.001357706212733419,-0.0049766960404737885,
GSE71629,0.001357706212733419,-0.0049766960404737885,
GSE71635,0.001357706212733419,-0.0049766960404737885,
GSE71636,0.001357706212733419,-0.0049766960404737885,
GSE71674,0.001357706212733419,-0.0049766960404737885,
GSE71679,0.001357706212733419,-0.0049766960404737885,
GSE71698,0.001357706212733419,-0.0049766960404737885,
GSE72018,0.001357706212733419,-0.0049766960404737885,
GSE71713,0.001357706212733419,-0.0049766960404737885,
GSE71734,0.001357706212733419,-0.0049766960404737885,
GSE71773,0.001357706212733419,-0.0049766960404737885,
GSE71794,0.001357706212733419,-0.0049766960404737885,
GSE71802,0.001357706212733419,-0.0049766960404737885,
GSE71843,0.001357706212733419,-0.0049766960404737885,
GSE71873,0.001357706212733419,-0.0049766960404737885,
GSE71877,0.001357706212733419,-0.0049766960404737885,
GSE71882,0.001357706212733419,-0.0049766960404737885,
GSE71889,0.001357706212733419,-0.0049766960404737885,
GSE71912,0.001357706212733419,-0.0049766960404737885,
GSE71916,0.001357706212733419,-0.0049766960404737885,
GSE71924,0.001357706212733419,-0.0049766960404737885,
GSE71948,0.001357706212733419,-0.0049766960404737885,
GSE72003,0.001357706212733419,-0.0049766960404737885,
GSE71699,0.001357706212733419,-0.0049766960404737885,
GSE69786,0.001357706212733419,-0.0049766960404737885,
GSE69800,0.001357706212733419,-0.0049766960404737885,
GSE69807,0.001357706212733419,-0.0049766960404737885,
GSE69823,0.001357706212733419,-0.0049766960404737885,
GSE69855,0.001357706212733419,-0.0049766960404737885,
GSE69858,0.001357706212733419,-0.0049766960404737885,
GSE69869,0.001357706212733419,-0.0049766960404737885,
GSE69887,0.001357706212733419,-0.0049766960404737885,
GSE69900,0.001357706212733419,-0.0049766960404737885,
GSE69913,0.001357706212733419,-0.0049766960404737885,
GSE69926,0.001357706212733419,-0.0049766960404737885,
GSE69937,0.001357706212733419,-0.0049766960404737885,
GSE69940,0.001357706212733419,-0.0049766960404737885,
GSE69952,0.001357706212733419,-0.0049766960404737885,
GSE70732,0.001357706212733419,-0.0049766960404737885,
GSE69969,0.001357706212733419,-0.0049766960404737885,
GSE69970,0.001357706212733419,-0.0049766960404737885,
GSE69987,0.001357706212733419,-0.0049766960404737885,
GSE70014,0.001357706212733419,-0.0049766960404737885,
GSE70016,0.001357706212733419,-0.0049766960404737885,
GSE70020,0.001357706212733419,-0.0049766960404737885,
GSE70022,0.001357706212733419,-0.0049766960404737885,
GSE70028,0.001357706212733419,-0.0049766960404737885,
GSE70031,0.001357706212733419,-0.0049766960404737885,
GSE70046,0.001357706212733419,-0.0049766960404737885,
GSE70069,0.001357706212733419,-0.0049766960404737885,
GSE70108,0.001357706212733419,-0.0049766960404737885,
GSE70116,0.001357706212733419,-0.0049766960404737885,
GSE70123,0.001357706212733419,-0.0049766960404737885,
GSE70132,0.001357706212733419,-0.0049766960404737885,
GSE69968,0.001357706212733419,-0.0049766960404737885,
GSE69256,0.001357706212733419,-0.0049766960404737885,
GSE69276,0.001357706212733419,-0.0049766960404737885,
GSE69278,0.001357706212733419,-0.0049766960404737885,
GSE69285,0.001357706212733419,-0.0049766960404737885,
GSE69311,0.001357706212733419,-0.0049766960404737885,
GSE69314,0.001357706212733419,-0.0049766960404737885,
GSE69354,0.001357706212733419,-0.0049766960404737885,
GSE69363,0.001357706212733419,-0.0049766960404737885,
GSE69374,0.001357706212733419,-0.0049766960404737885,
GSE69376,0.001357706212733419,-0.0049766960404737885,
GSE69407,0.001357706212733419,-0.0049766960404737885,
GSE69445,0.001357706212733419,-0.0049766960404737885,
GSE69464,0.001357706212733419,-0.0049766960404737885,
GSE69473,0.001357706212733419,-0.0049766960404737885,
GSE69484,0.001357706212733419,-0.0049766960404737885,
GSE69771,0.001357706212733419,-0.0049766960404737885,
GSE69556,0.001357706212733419,-0.0049766960404737885,
GSE69616,0.001357706212733419,-0.0049766960404737885,
GSE69652,0.001357706212733419,-0.0049766960404737885,
GSE69654,0.001357706212733419,-0.0049766960404737885,
GSE69669,0.001357706212733419,-0.0049766960404737885,
GSE69672,0.001357706212733419,-0.0049766960404737885,
GSE69699,0.001357706212733419,-0.0049766960404737885,
GSE69707,0.001357706212733419,-0.0049766960404737885,
GSE69709,0.001357706212733419,-0.0049766960404737885,
GSE69726,0.001357706212733419,-0.0049766960404737885,
GSE69731,0.001357706212733419,-0.0049766960404737885,
GSE69733,0.001357706212733419,-0.0049766960404737885,
GSE69750,0.001357706212733419,-0.0049766960404737885,
GSE69751,0.001357706212733419,-0.0049766960404737885,
GSE69755,0.001357706212733419,-0.0049766960404737885,
GSE69545,0.001357706212733419,-0.0049766960404737885,
GSE70391,0.001357706212733419,-0.0049766960404737885,
GSE70413,0.001357706212733419,-0.0049766960404737885,
GSE70419,0.001357706212733419,-0.0049766960404737885,
GSE70437,0.001357706212733419,-0.0049766960404737885,
GSE70440,0.001357706212733419,-0.0049766960404737885,
GSE70452,0.001357706212733419,-0.0049766960404737885,
GSE70471,0.001357706212733419,-0.0049766960404737885,
GSE70481,0.001357706212733419,-0.0049766960404737885,
GSE70484,0.001357706212733419,-0.0049766960404737885,
GSE70486,0.001357706212733419,-0.0049766960404737885,
GSE70497,0.001357706212733419,-0.0049766960404737885,
GSE70499,0.001357706212733419,-0.0049766960404737885,
GSE70510,0.001357706212733419,-0.0049766960404737885,
GSE70520,0.001357706212733419,-0.0049766960404737885,
GSE70538,0.001357706212733419,-0.0049766960404737885,
GSE70133,0.001357706212733419,-0.0049766960404737885,
GSE70546,0.001357706212733419,-0.0049766960404737885,
GSE70578,0.001357706212733419,-0.0049766960404737885,
GSE70588,0.001357706212733419,-0.0049766960404737885,
GSE70596,0.001357706212733419,-0.0049766960404737885,
GSE70605,0.001357706212733419,-0.0049766960404737885,
GSE70667,0.001357706212733419,-0.0049766960404737885,
GSE70699,0.001357706212733419,-0.0049766960404737885,
GSE70706,0.001357706212733419,-0.0049766960404737885,
GSE70711,0.001357706212733419,-0.0049766960404737885,
GSE70713,0.001357706212733419,-0.0049766960404737885,
GSE70721,0.001357706212733419,-0.0049766960404737885,
GSE70723,0.001357706212733419,-0.0049766960404737885,
GSE70725,0.001357706212733419,-0.0049766960404737885,
GSE70728,0.001357706212733419,-0.0049766960404737885,
GSE70731,0.001357706212733419,-0.0049766960404737885,
GSE70542,0.001357706212733419,-0.0049766960404737885,
GSE70135,0.001357706212733419,-0.0049766960404737885,
GSE70148,0.001357706212733419,-0.0049766960404737885,
GSE70156,0.001357706212733419,-0.0049766960404737885,
GSE70158,0.001357706212733419,-0.0049766960404737885,
GSE70159,0.001357706212733419,-0.0049766960404737885,
GSE70207,0.001357706212733419,-0.0049766960404737885,
GSE70210,0.001357706212733419,-0.0049766960404737885,
GSE70235,0.001357706212733419,-0.0049766960404737885,
GSE70236,0.001357706212733419,-0.0049766960404737885,
GSE70238,0.001357706212733419,-0.0049766960404737885,
GSE70239,0.001357706212733419,-0.0049766960404737885,
GSE70240,0.001357706212733419,-0.0049766960404737885,
GSE70241,0.001357706212733419,-0.0049766960404737885,
GSE70242,0.001357706212733419,-0.0049766960404737885,
GSE70243,0.001357706212733419,-0.0049766960404737885,
GSE70386,0.001357706212733419,-0.0049766960404737885,
GSE70249,0.001357706212733419,-0.0049766960404737885,
GSE70283,0.001357706212733419,-0.0049766960404737885,
GSE70288,0.001357706212733419,-0.0049766960404737885,
GSE70304,0.001357706212733419,-0.0049766960404737885,
GSE70307,0.001357706212733419,-0.0049766960404737885,
GSE70314,0.001357706212733419,-0.0049766960404737885,
GSE70351,0.001357706212733419,-0.0049766960404737885,
GSE70352,0.001357706212733419,-0.0049766960404737885,
GSE70355,0.001357706212733419,-0.0049766960404737885,
GSE70357,0.001357706212733419,-0.0049766960404737885,
GSE70358,0.001357706212733419,-0.0049766960404737885,
GSE70359,0.001357706212733419,-0.0049766960404737885,
GSE70360,0.001357706212733419,-0.0049766960404737885,
GSE70368,0.001357706212733419,-0.0049766960404737885,
GSE70383,0.001357706212733419,-0.0049766960404737885,
GSE70244,0.001357706212733419,-0.0049766960404737885,
GSE59073,0.001357706212733419,-0.0049766960404737885,
GSE59104,0.001357706212733419,-0.0049766960404737885,
GSE59119,0.001357706212733419,-0.0049766960404737885,
GSE59127,0.001357706212733419,-0.0049766960404737885,
GSE59129,0.001357706212733419,-0.0049766960404737885,
GSE59130,0.001357706212733419,-0.0049766960404737885,
GSE59148,0.001357706212733419,-0.0049766960404737885,
GSE59168,0.001357706212733419,-0.0049766960404737885,
GSE59215,0.001357706212733419,-0.0049766960404737885,
GSE59269,0.001357706212733419,-0.0049766960404737885,
GSE59283,0.001357706212733419,-0.0049766960404737885,
GSE59318,0.001357706212733419,-0.0049766960404737885,
GSE59354,0.001357706212733419,-0.0049766960404737885,
GSE59373,0.001357706212733419,-0.0049766960404737885,
GSE65487,0.001357706212733419,-0.0049766960404737885,
GSE59419,0.001357706212733419,-0.0049766960404737885,
GSE59442,0.001357706212733419,-0.0049766960404737885,
GSE59463,0.001357706212733419,-0.0049766960404737885,
GSE59486,0.001357706212733419,-0.0049766960404737885,
GSE59547,0.001357706212733419,-0.0049766960404737885,
GSE59571,0.001357706212733419,-0.0049766960404737885,
GSE59622,0.001357706212733419,-0.0049766960404737885,
GSE59623,0.001357706212733419,-0.0049766960404737885,
GSE59698,0.001357706212733419,-0.0049766960404737885,
GSE59725,0.001357706212733419,-0.0049766960404737885,
GSE59784,0.001357706212733419,-0.0049766960404737885,
GSE59813,0.001357706212733419,-0.0049766960404737885,
GSE59831,0.001357706212733419,-0.0049766960404737885,
GSE59859,0.001357706212733419,-0.0049766960404737885,
GSE59956,0.001357706212733419,-0.0049766960404737885,
GSE59383,0.001357706212733419,-0.0049766960404737885,
GSE58609,0.001357706212733419,-0.0049766960404737885,
GSE58619,0.001357706212733419,-0.0049766960404737885,
GSE58645,0.001357706212733419,-0.0049766960404737885,
GSE58664,0.001357706212733419,-0.0049766960404737885,
GSE58669,0.001357706212733419,-0.0049766960404737885,
GSE58707,0.001357706212733419,-0.0049766960404737885,
GSE58724,0.001357706212733419,-0.0049766960404737885,
GSE58732,0.001357706212733419,-0.0049766960404737885,
GSE58733,0.001357706212733419,-0.0049766960404737885,
GSE58746,0.001357706212733419,-0.0049766960404737885,
GSE58757,0.001357706212733419,-0.0049766960404737885,
GSE58765,0.001357706212733419,-0.0049766960404737885,
GSE58797,0.001357706212733419,-0.0049766960404737885,
GSE58801,0.001357706212733419,-0.0049766960404737885,
GSE58818,0.001357706212733419,-0.0049766960404737885,
GSE59017,0.001357706212733419,-0.0049766960404737885,
GSE58833,0.001357706212733419,-0.0049766960404737885,
GSE58836,0.001357706212733419,-0.0049766960404737885,
GSE58843,0.001357706212733419,-0.0049766960404737885,
GSE58858,0.001357706212733419,-0.0049766960404737885,
GSE58905,0.001357706212733419,-0.0049766960404737885,
GSE58916,0.001357706212733419,-0.0049766960404737885,
GSE58917,0.001357706212733419,-0.0049766960404737885,
GSE58926,0.001357706212733419,-0.0049766960404737885,
GSE58928,0.001357706212733419,-0.0049766960404737885,
GSE58971,0.001357706212733419,-0.0049766960404737885,
GSE58972,0.001357706212733419,-0.0049766960404737885,
GSE58973,0.001357706212733419,-0.0049766960404737885,
GSE58993,0.001357706212733419,-0.0049766960404737885,
GSE58996,0.001357706212733419,-0.0049766960404737885,
GSE58998,0.001357706212733419,-0.0049766960404737885,
GSE58827,0.001357706212733419,-0.0049766960404737885,
GSE60520,0.001357706212733419,-0.0049766960404737885,
GSE60537,0.001357706212733419,-0.0049766960404737885,
GSE60545,0.001357706212733419,-0.0049766960404737885,
GSE60556,0.001357706212733419,-0.0049766960404737885,
GSE60569,0.001357706212733419,-0.0049766960404737885,
GSE60599,0.001357706212733419,-0.0049766960404737885,
GSE60627,0.001357706212733419,-0.0049766960404737885,
GSE60641,0.001357706212733419,-0.0049766960404737885,
GSE60642,0.001357706212733419,-0.0049766960404737885,
GSE60647,0.001357706212733419,-0.0049766960404737885,
GSE60648,0.001357706212733419,-0.0049766960404737885,
GSE60659,0.001357706212733419,-0.0049766960404737885,
GSE60691,0.001357706212733419,-0.0049766960404737885,
GSE60699,0.001357706212733419,-0.0049766960404737885,
GSE59958,0.001357706212733419,-0.0049766960404737885,
GSE60731,0.001357706212733419,-0.0049766960404737885,
GSE60738,0.001357706212733419,-0.0049766960404737885,
GSE60745,0.001357706212733419,-0.0049766960404737885,
GSE60749,0.001357706212733419,-0.0049766960404737885,
GSE60756,0.001357706212733419,-0.0049766960404737885,
GSE60763,0.001357706212733419,-0.0049766960404737885,
GSE60808,0.001357706212733419,-0.0049766960404737885,
GSE60827,0.001357706212733419,-0.0049766960404737885,
GSE60837,0.001357706212733419,-0.0049766960404737885,
GSE60843,0.001357706212733419,-0.0049766960404737885,
GSE60853,0.001357706212733419,-0.0049766960404737885,
GSE60875,0.001357706212733419,-0.0049766960404737885,
GSE60896,0.001357706212733419,-0.0049766960404737885,
GSE60927,0.001357706212733419,-0.0049766960404737885,
GSE60930,0.001357706212733419,-0.0049766960404737885,
GSE60701,0.001357706212733419,-0.0049766960404737885,
GSE59970,0.001357706212733419,-0.0049766960404737885,
GSE60005,0.001357706212733419,-0.0049766960404737885,
GSE60019,0.001357706212733419,-0.0049766960404737885,
GSE60050,0.001357706212733419,-0.0049766960404737885,
GSE60066,0.001357706212733419,-0.0049766960404737885,
GSE60072,0.001357706212733419,-0.0049766960404737885,
GSE60097,0.001357706212733419,-0.0049766960404737885,
GSE60101,0.001357706212733419,-0.0049766960404737885,
GSE60114,0.001357706212733419,-0.0049766960404737885,
GSE60163,0.001357706212733419,-0.0049766960404737885,
GSE60165,0.001357706212733419,-0.0049766960404737885,
GSE60188,0.001357706212733419,-0.0049766960404737885,
GSE60226,0.001357706212733419,-0.0049766960404737885,
GSE60231,0.001357706212733419,-0.0049766960404737885,
GSE60243,0.001357706212733419,-0.0049766960404737885,
GSE60450,0.001357706212733419,-0.0049766960404737885,
GSE60283,0.001357706212733419,-0.0049766960404737885,
GSE60285,0.001357706212733419,-0.0049766960404737885,
GSE60297,0.001357706212733419,-0.0049766960404737885,
GSE60307,0.001357706212733419,-0.0049766960404737885,
GSE60334,0.001357706212733419,-0.0049766960404737885,
GSE60361,0.001357706212733419,-0.0049766960404737885,
GSE60367,0.001357706212733419,-0.0049766960404737885,
GSE60377,0.001357706212733419,-0.0049766960404737885,
GSE60397,0.001357706212733419,-0.0049766960404737885,
GSE60402,0.001357706212733419,-0.0049766960404737885,
GSE60415,0.001357706212733419,-0.0049766960404737885,
GSE60418,0.001357706212733419,-0.0049766960404737885,
GSE60425,0.001357706212733419,-0.0049766960404737885,
GSE60440,0.001357706212733419,-0.0049766960404737885,
GSE60441,0.001357706212733419,-0.0049766960404737885,
GSE60261,0.001357706212733419,-0.0049766960404737885,
GSE56890,0.001357706212733419,-0.0049766960404737885,
GSE56893,0.001357706212733419,-0.0049766960404737885,
GSE56902,0.001357706212733419,-0.0049766960404737885,
GSE56904,0.001357706212733419,-0.0049766960404737885,
GSE56905,0.001357706212733419,-0.0049766960404737885,
GSE56932,0.001357706212733419,-0.0049766960404737885,
GSE56933,0.001357706212733419,-0.0049766960404737885,
GSE56966,0.001357706212733419,-0.0049766960404737885,
GSE56983,0.001357706212733419,-0.0049766960404737885,
GSE57043,0.001357706212733419,-0.0049766960404737885,
GSE57054,0.001357706212733419,-0.0049766960404737885,
GSE57092,0.001357706212733419,-0.0049766960404737885,
GSE57125,0.001357706212733419,-0.0049766960404737885,
GSE57147,0.001357706212733419,-0.0049766960404737885,
GSE58523,0.001357706212733419,-0.0049766960404737885,
GSE57206,0.001357706212733419,-0.0049766960404737885,
GSE57231,0.001357706212733419,-0.0049766960404737885,
GSE57244,0.001357706212733419,-0.0049766960404737885,
GSE57249,0.001357706212733419,-0.0049766960404737885,
GSE57272,0.001357706212733419,-0.0049766960404737885,
GSE57313,0.001357706212733419,-0.0049766960404737885,
GSE57391,0.001357706212733419,-0.0049766960404737885,
GSE57396,0.001357706212733419,-0.0049766960404737885,
GSE57403,0.001357706212733419,-0.0049766960404737885,
GSE57415,0.001357706212733419,-0.0049766960404737885,
GSE57419,0.001357706212733419,-0.0049766960404737885,
GSE57423,0.001357706212733419,-0.0049766960404737885,
GSE57482,0.001357706212733419,-0.0049766960404737885,
GSE57500,0.001357706212733419,-0.0049766960404737885,
GSE57514,0.001357706212733419,-0.0049766960404737885,
GSE57170,0.001357706212733419,-0.0049766960404737885,
GSE55831,0.001357706212733419,-0.0049766960404737885,
GSE55870,0.001357706212733419,-0.0049766960404737885,
GSE55966,0.001357706212733419,-0.0049766960404737885,
GSE56018,0.001357706212733419,-0.0049766960404737885,
GSE56096,0.001357706212733419,-0.0049766960404737885,
GSE56122,0.001357706212733419,-0.0049766960404737885,
GSE56127,0.001357706212733419,-0.0049766960404737885,
GSE56170,0.001357706212733419,-0.0049766960404737885,
GSE56175,0.001357706212733419,-0.0049766960404737885,
GSE56185,0.001357706212733419,-0.0049766960404737885,
GSE56240,0.001357706212733419,-0.0049766960404737885,
GSE56248,0.001357706212733419,-0.0049766960404737885,
GSE56253,0.001357706212733419,-0.0049766960404737885,
GSE56276,0.001357706212733419,-0.0049766960404737885,
GSE56284,0.001357706212733419,-0.0049766960404737885,
GSE56872,0.001357706212733419,-0.0049766960404737885,
GSE56312,0.001357706212733419,-0.0049766960404737885,
GSE56367,0.001357706212733419,-0.0049766960404737885,
GSE56446,0.001357706212733419,-0.0049766960404737885,
GSE56461,0.001357706212733419,-0.0049766960404737885,
GSE56473,0.001357706212733419,-0.0049766960404737885,
GSE56507,0.001357706212733419,-0.0049766960404737885,
GSE56529,0.001357706212733419,-0.0049766960404737885,
GSE56566,0.001357706212733419,-0.0049766960404737885,
GSE56575,0.001357706212733419,-0.0049766960404737885,
GSE56613,0.001357706212733419,-0.0049766960404737885,
GSE56636,0.001357706212733419,-0.0049766960404737885,
GSE56690,0.001357706212733419,-0.0049766960404737885,
GSE56762,0.001357706212733419,-0.0049766960404737885,
GSE56786,0.001357706212733419,-0.0049766960404737885,
GSE56867,0.001357706212733419,-0.0049766960404737885,
GSE56292,0.001357706212733419,-0.0049766960404737885,
GSE58089,0.001357706212733419,-0.0049766960404737885,
GSE58108,0.001357706212733419,-0.0049766960404737885,
GSE58116,0.001357706212733419,-0.0049766960404737885,
GSE58174,0.001357706212733419,-0.0049766960404737885,
GSE58239,0.001357706212733419,-0.0049766960404737885,
GSE58242,0.001357706212733419,-0.0049766960404737885,
GSE58261,0.001357706212733419,-0.0049766960404737885,
GSE58282,0.001357706212733419,-0.0049766960404737885,
GSE58283,0.001357706212733419,-0.0049766960404737885,
GSE58286,0.001357706212733419,-0.0049766960404737885,
GSE58313,0.001357706212733419,-0.0049766960404737885,
GSE58318,0.001357706212733419,-0.0049766960404737885,
GSE58332,0.001357706212733419,-0.0049766960404737885,
GSE58359,0.001357706212733419,-0.0049766960404737885,
GSE57533,0.001357706212733419,-0.0049766960404737885,
GSE58363,0.001357706212733419,-0.0049766960404737885,
GSE58371,0.001357706212733419,-0.0049766960404737885,
GSE58372,0.001357706212733419,-0.0049766960404737885,
GSE58384,0.001357706212733419,-0.0049766960404737885,
GSE58405,0.001357706212733419,-0.0049766960404737885,
GSE58423,0.001357706212733419,-0.0049766960404737885,
GSE58429,0.001357706212733419,-0.0049766960404737885,
GSE58432,0.001357706212733419,-0.0049766960404737885,
GSE58453,0.001357706212733419,-0.0049766960404737885,
GSE58455,0.001357706212733419,-0.0049766960404737885,
GSE58465,0.001357706212733419,-0.0049766960404737885,
GSE58495,0.001357706212733419,-0.0049766960404737885,
GSE58498,0.001357706212733419,-0.0049766960404737885,
GSE58510,0.001357706212733419,-0.0049766960404737885,
GSE58514,0.001357706212733419,-0.0049766960404737885,
GSE58360,0.001357706212733419,-0.0049766960404737885,
GSE57546,0.001357706212733419,-0.0049766960404737885,
GSE57567,0.001357706212733419,-0.0049766960404737885,
GSE57575,0.001357706212733419,-0.0049766960404737885,
GSE57609,0.001357706212733419,-0.0049766960404737885,
GSE57648,0.001357706212733419,-0.0049766960404737885,
GSE57654,0.001357706212733419,-0.0049766960404737885,
GSE57680,0.001357706212733419,-0.0049766960404737885,
GSE57682,0.001357706212733419,-0.0049766960404737885,
GSE57694,0.001357706212733419,-0.0049766960404737885,
GSE57698,0.001357706212733419,-0.0049766960404737885,
GSE57712,0.001357706212733419,-0.0049766960404737885,
GSE57745,0.001357706212733419,-0.0049766960404737885,
GSE57776,0.001357706212733419,-0.0049766960404737885,
GSE57804,0.001357706212733419,-0.0049766960404737885,
GSE57809,0.001357706212733419,-0.0049766960404737885,
GSE58088,0.001357706212733419,-0.0049766960404737885,
GSE57849,0.001357706212733419,-0.0049766960404737885,
GSE57875,0.001357706212733419,-0.0049766960404737885,
GSE57910,0.001357706212733419,-0.0049766960404737885,
GSE57919,0.001357706212733419,-0.0049766960404737885,
GSE57926,0.001357706212733419,-0.0049766960404737885,
GSE57959,0.001357706212733419,-0.0049766960404737885,
GSE57967,0.001357706212733419,-0.0049766960404737885,
GSE57980,0.001357706212733419,-0.0049766960404737885,
GSE57984,0.001357706212733419,-0.0049766960404737885,
GSE57998,0.001357706212733419,-0.0049766960404737885,
GSE58001,0.001357706212733419,-0.0049766960404737885,
GSE58016,0.001357706212733419,-0.0049766960404737885,
GSE58017,0.001357706212733419,-0.0049766960404737885,
GSE58018,0.001357706212733419,-0.0049766960404737885,
GSE58025,0.001357706212733419,-0.0049766960404737885,
GSE57837,0.001357706212733419,-0.0049766960404737885,
GSE63809,0.001357706212733419,-0.0049766960404737885,
GSE63810,0.001357706212733419,-0.0049766960404737885,
GSE63813,0.001357706212733419,-0.0049766960404737885,
GSE63820,0.001357706212733419,-0.0049766960404737885,
GSE63836,0.001357706212733419,-0.0049766960404737885,
GSE63853,0.001357706212733419,-0.0049766960404737885,
GSE63857,0.001357706212733419,-0.0049766960404737885,
GSE63889,0.001357706212733419,-0.0049766960404737885,
GSE63948,0.001357706212733419,-0.0049766960404737885,
GSE63961,0.001357706212733419,-0.0049766960404737885,
GSE63968,0.001357706212733419,-0.0049766960404737885,
GSE64002,0.001357706212733419,-0.0049766960404737885,
GSE64008,0.001357706212733419,-0.0049766960404737885,
GSE64027,0.001357706212733419,-0.0049766960404737885,
GSE60941,0.001357706212733419,-0.0049766960404737885,
GSE64054,0.001357706212733419,-0.0049766960404737885,
GSE64063,0.001357706212733419,-0.0049766960404737885,
GSE64080,0.001357706212733419,-0.0049766960404737885,
GSE64091,0.001357706212733419,-0.0049766960404737885,
GSE64092,0.001357706212733419,-0.0049766960404737885,
GSE64099,0.001357706212733419,-0.0049766960404737885,
GSE64138,0.001357706212733419,-0.0049766960404737885,
GSE64156,0.001357706212733419,-0.0049766960404737885,
GSE64218,0.001357706212733419,-0.0049766960404737885,
GSE64296,0.001357706212733419,-0.0049766960404737885,
GSE64357,0.001357706212733419,-0.0049766960404737885,
GSE64359,0.001357706212733419,-0.0049766960404737885,
GSE64370,0.001357706212733419,-0.0049766960404737885,
GSE64371,0.001357706212733419,-0.0049766960404737885,
GSE64379,0.001357706212733419,-0.0049766960404737885,
GSE64040,0.001357706212733419,-0.0049766960404737885,
GSE63300,0.001357706212733419,-0.0049766960404737885,
GSE63310,0.001357706212733419,-0.0049766960404737885,
GSE63312,0.001357706212733419,-0.0049766960404737885,
GSE63316,0.001357706212733419,-0.0049766960404737885,
GSE63340,0.001357706212733419,-0.0049766960404737885,
GSE63348,0.001357706212733419,-0.0049766960404737885,
GSE63404,0.001357706212733419,-0.0049766960404737885,
GSE63412,0.001357706212733419,-0.0049766960404737885,
GSE63418,0.001357706212733419,-0.0049766960404737885,
GSE63424,0.001357706212733419,-0.0049766960404737885,
GSE63426,0.001357706212733419,-0.0049766960404737885,
GSE63467,0.001357706212733419,-0.0049766960404737885,
GSE63472,0.001357706212733419,-0.0049766960404737885,
GSE63482,0.001357706212733419,-0.0049766960404737885,
GSE63493,0.001357706212733419,-0.0049766960404737885,
GSE63804,0.001357706212733419,-0.0049766960404737885,
GSE63510,0.001357706212733419,-0.0049766960404737885,
GSE63526,0.001357706212733419,-0.0049766960404737885,
GSE63647,0.001357706212733419,-0.0049766960404737885,
GSE63674,0.001357706212733419,-0.0049766960404737885,
GSE63679,0.001357706212733419,-0.0049766960404737885,
GSE63681,0.001357706212733419,-0.0049766960404737885,
GSE63748,0.001357706212733419,-0.0049766960404737885,
GSE63751,0.001357706212733419,-0.0049766960404737885,
GSE63756,0.001357706212733419,-0.0049766960404737885,
GSE63758,0.001357706212733419,-0.0049766960404737885,
GSE63772,0.001357706212733419,-0.0049766960404737885,
GSE63792,0.001357706212733419,-0.0049766960404737885,
GSE63794,0.001357706212733419,-0.0049766960404737885,
GSE63796,0.001357706212733419,-0.0049766960404737885,
GSE63800,0.001357706212733419,-0.0049766960404737885,
GSE63497,0.001357706212733419,-0.0049766960404737885,
GSE64936,0.001357706212733419,-0.0049766960404737885,
GSE64959,0.001357706212733419,-0.0049766960404737885,
GSE64960,0.001357706212733419,-0.0049766960404737885,
GSE64969,0.001357706212733419,-0.0049766960404737885,
GSE65031,0.001357706212733419,-0.0049766960404737885,
GSE65072,0.001357706212733419,-0.0049766960404737885,
GSE65082,0.001357706212733419,-0.0049766960404737885,
GSE65118,0.001357706212733419,-0.0049766960404737885,
GSE65141,0.001357706212733419,-0.0049766960404737885,
GSE65160,0.001357706212733419,-0.0049766960404737885,
GSE65164,0.001357706212733419,-0.0049766960404737885,
GSE65177,0.001357706212733419,-0.0049766960404737885,
GSE65179,0.001357706212733419,-0.0049766960404737885,
GSE65207,0.001357706212733419,-0.0049766960404737885,
GSE64391,0.001357706212733419,-0.0049766960404737885,
GSE65267,0.001357706212733419,-0.0049766960404737885,
GSE65315,0.001357706212733419,-0.0049766960404737885,
GSE65321,0.001357706212733419,-0.0049766960404737885,
GSE65337,0.001357706212733419,-0.0049766960404737885,
GSE65344,0.001357706212733419,-0.0049766960404737885,
GSE65348,0.001357706212733419,-0.0049766960404737885,
GSE65358,0.001357706212733419,-0.0049766960404737885,
GSE65361,0.001357706212733419,-0.0049766960404737885,
GSE65383,0.001357706212733419,-0.0049766960404737885,
GSE65388,0.001357706212733419,-0.0049766960404737885,
GSE65395,0.001357706212733419,-0.0049766960404737885,
GSE65408,0.001357706212733419,-0.0049766960404737885,
GSE65422,0.001357706212733419,-0.0049766960404737885,
GSE65444,0.001357706212733419,-0.0049766960404737885,
GSE65457,0.001357706212733419,-0.0049766960404737885,
GSE65246,0.001357706212733419,-0.0049766960404737885,
GSE64403,0.001357706212733419,-0.0049766960404737885,
GSE64411,0.001357706212733419,-0.0049766960404737885,
GSE64425,0.001357706212733419,-0.0049766960404737885,
GSE64428,0.001357706212733419,-0.0049766960404737885,
GSE64452,0.001357706212733419,-0.0049766960404737885,
GSE64455,0.001357706212733419,-0.0049766960404737885,
GSE64459,0.001357706212733419,-0.0049766960404737885,
GSE64478,0.001357706212733419,-0.0049766960404737885,
GSE64489,0.001357706212733419,-0.0049766960404737885,
GSE64510,0.001357706212733419,-0.0049766960404737885,
GSE64515,0.001357706212733419,-0.0049766960404737885,
GSE64526,0.001357706212733419,-0.0049766960404737885,
GSE64545,0.001357706212733419,-0.0049766960404737885,
GSE64559,0.001357706212733419,-0.0049766960404737885,
GSE64568,0.001357706212733419,-0.0049766960404737885,
GSE64910,0.001357706212733419,-0.0049766960404737885,
GSE64622,0.001357706212733419,-0.0049766960404737885,
GSE64684,0.001357706212733419,-0.0049766960404737885,
GSE64687,0.001357706212733419,-0.0049766960404737885,
GSE64706,0.001357706212733419,-0.0049766960404737885,
GSE64735,0.001357706212733419,-0.0049766960404737885,
GSE64757,0.001357706212733419,-0.0049766960404737885,
GSE64771,0.001357706212733419,-0.0049766960404737885,
GSE64779,0.001357706212733419,-0.0049766960404737885,
GSE64787,0.001357706212733419,-0.0049766960404737885,
GSE64824,0.001357706212733419,-0.0049766960404737885,
GSE64840,0.001357706212733419,-0.0049766960404737885,
GSE64856,0.001357706212733419,-0.0049766960404737885,
GSE64867,0.001357706212733419,-0.0049766960404737885,
GSE64893,0.001357706212733419,-0.0049766960404737885,
GSE64899,0.001357706212733419,-0.0049766960404737885,
GSE64608,0.001357706212733419,-0.0049766960404737885,
GSE61608,0.001357706212733419,-0.0049766960404737885,
GSE61613,0.001357706212733419,-0.0049766960404737885,
GSE61627,0.001357706212733419,-0.0049766960404737885,
GSE61636,0.001357706212733419,-0.0049766960404737885,
GSE61677,0.001357706212733419,-0.0049766960404737885,
GSE61694,0.001357706212733419,-0.0049766960404737885,
GSE61695,0.001357706212733419,-0.0049766960404737885,
GSE61734,0.001357706212733419,-0.0049766960404737885,
GSE61748,0.001357706212733419,-0.0049766960404737885,
GSE61755,0.001357706212733419,-0.0049766960404737885,
GSE61775,0.001357706212733419,-0.0049766960404737885,
GSE61828,0.001357706212733419,-0.0049766960404737885,
GSE61845,0.001357706212733419,-0.0049766960404737885,
GSE61851,0.001357706212733419,-0.0049766960404737885,
GSE63282,0.001357706212733419,-0.0049766960404737885,
GSE61875,0.001357706212733419,-0.0049766960404737885,
GSE61887,0.001357706212733419,-0.0049766960404737885,
GSE61890,0.001357706212733419,-0.0049766960404737885,
GSE61891,0.001357706212733419,-0.0049766960404737885,
GSE61915,0.001357706212733419,-0.0049766960404737885,
GSE61969,0.001357706212733419,-0.0049766960404737885,
GSE61994,0.001357706212733419,-0.0049766960404737885,
GSE61996,0.001357706212733419,-0.0049766960404737885,
GSE61997,0.001357706212733419,-0.0049766960404737885,
GSE62001,0.001357706212733419,-0.0049766960404737885,
GSE62040,0.001357706212733419,-0.0049766960404737885,
GSE62042,0.001357706212733419,-0.0049766960404737885,
GSE62050,0.001357706212733419,-0.0049766960404737885,
GSE62122,0.001357706212733419,-0.0049766960404737885,
GSE62129,0.001357706212733419,-0.0049766960404737885,
GSE61874,0.001357706212733419,-0.0049766960404737885,
GSE60968,0.001357706212733419,-0.0049766960404737885,
GSE60982,0.001357706212733419,-0.0049766960404737885,
GSE61008,0.001357706212733419,-0.0049766960404737885,
GSE61024,0.001357706212733419,-0.0049766960404737885,
GSE61031,0.001357706212733419,-0.0049766960404737885,
GSE61033,0.001357706212733419,-0.0049766960404737885,
GSE61095,0.001357706212733419,-0.0049766960404737885,
GSE61098,0.001357706212733419,-0.0049766960404737885,
GSE61102,0.001357706212733419,-0.0049766960404737885,
GSE61117,0.001357706212733419,-0.0049766960404737885,
GSE61184,0.001357706212733419,-0.0049766960404737885,
GSE61188,0.001357706212733419,-0.0049766960404737885,
GSE61205,0.001357706212733419,-0.0049766960404737885,
GSE61209,0.001357706212733419,-0.0049766960404737885,
GSE61239,0.001357706212733419,-0.0049766960404737885,
GSE61602,0.001357706212733419,-0.0049766960404737885,
GSE61288,0.001357706212733419,-0.0049766960404737885,
GSE61300,0.001357706212733419,-0.0049766960404737885,
GSE61351,0.001357706212733419,-0.0049766960404737885,
GSE61389,0.001357706212733419,-0.0049766960404737885,
GSE61401,0.001357706212733419,-0.0049766960404737885,
GSE61425,0.001357706212733419,-0.0049766960404737885,
GSE61444,0.001357706212733419,-0.0049766960404737885,
GSE61462,0.001357706212733419,-0.0049766960404737885,
GSE61470,0.001357706212733419,-0.0049766960404737885,
GSE61486,0.001357706212733419,-0.0049766960404737885,
GSE61505,0.001357706212733419,-0.0049766960404737885,
GSE61523,0.001357706212733419,-0.0049766960404737885,
GSE61528,0.001357706212733419,-0.0049766960404737885,
GSE61529,0.001357706212733419,-0.0049766960404737885,
GSE61577,0.001357706212733419,-0.0049766960404737885,
GSE61250,0.001357706212733419,-0.0049766960404737885,
GSE62715,0.001357706212733419,-0.0049766960404737885,
GSE62734,0.001357706212733419,-0.0049766960404737885,
GSE62741,0.001357706212733419,-0.0049766960404737885,
GSE62771,0.001357706212733419,-0.0049766960404737885,
GSE62784,0.001357706212733419,-0.0049766960404737885,
GSE62786,0.001357706212733419,-0.0049766960404737885,
GSE62795,0.001357706212733419,-0.0049766960404737885,
GSE62822,0.001357706212733419,-0.0049766960404737885,
GSE62824,0.001357706212733419,-0.0049766960404737885,
GSE62826,0.001357706212733419,-0.0049766960404737885,
GSE62874,0.001357706212733419,-0.0049766960404737885,
GSE62899,0.001357706212733419,-0.0049766960404737885,
GSE62902,0.001357706212733419,-0.0049766960404737885,
GSE62917,0.001357706212733419,-0.0049766960404737885,
GSE62979,0.001357706212733419,-0.0049766960404737885,
GSE62149,0.001357706212733419,-0.0049766960404737885,
GSE63048,0.001357706212733419,-0.0049766960404737885,
GSE63078,0.001357706212733419,-0.0049766960404737885,
GSE63093,0.001357706212733419,-0.0049766960404737885,
GSE63137,0.001357706212733419,-0.0049766960404737885,
GSE63143,0.001357706212733419,-0.0049766960404737885,
GSE63166,0.001357706212733419,-0.0049766960404737885,
GSE63180,0.001357706212733419,-0.0049766960404737885,
GSE63194,0.001357706212733419,-0.0049766960404737885,
GSE63199,0.001357706212733419,-0.0049766960404737885,
GSE63204,0.001357706212733419,-0.0049766960404737885,
GSE63206,0.001357706212733419,-0.0049766960404737885,
GSE63243,0.001357706212733419,-0.0049766960404737885,
GSE63256,0.001357706212733419,-0.0049766960404737885,
GSE63268,0.001357706212733419,-0.0049766960404737885,
GSE63271,0.001357706212733419,-0.0049766960404737885,
GSE63031,0.001357706212733419,-0.0049766960404737885,
GSE62184,0.001357706212733419,-0.0049766960404737885,
GSE62202,0.001357706212733419,-0.0049766960404737885,
GSE62205,0.001357706212733419,-0.0049766960404737885,
GSE62266,0.001357706212733419,-0.0049766960404737885,
GSE62268,0.001357706212733419,-0.0049766960404737885,
GSE62270,0.001357706212733419,-0.0049766960404737885,
GSE62292,0.001357706212733419,-0.0049766960404737885,
GSE62294,0.001357706212733419,-0.0049766960404737885,
GSE62310,0.001357706212733419,-0.0049766960404737885,
GSE62355,0.001357706212733419,-0.0049766960404737885,
GSE62357,0.001357706212733419,-0.0049766960404737885,
GSE62378,0.001357706212733419,-0.0049766960404737885,
GSE62398,0.001357706212733419,-0.0049766960404737885,
GSE62424,0.001357706212733419,-0.0049766960404737885,
GSE62432,0.001357706212733419,-0.0049766960404737885,
GSE62710,0.001357706212733419,-0.0049766960404737885,
GSE62512,0.001357706212733419,-0.0049766960404737885,
GSE62535,0.001357706212733419,-0.0049766960404737885,
GSE62559,0.001357706212733419,-0.0049766960404737885,
GSE62571,0.001357706212733419,-0.0049766960404737885,
GSE62573,0.001357706212733419,-0.0049766960404737885,
GSE62621,0.001357706212733419,-0.0049766960404737885,
GSE62633,0.001357706212733419,-0.0049766960404737885,
GSE62641,0.001357706212733419,-0.0049766960404737885,
GSE62647,0.001357706212733419,-0.0049766960404737885,
GSE62659,0.001357706212733419,-0.0049766960404737885,
GSE62669,0.001357706212733419,-0.0049766960404737885,
GSE62684,0.001357706212733419,-0.0049766960404737885,
GSE62689,0.001357706212733419,-0.0049766960404737885,
GSE62698,0.001357706212733419,-0.0049766960404737885,
GSE62704,0.001357706212733419,-0.0049766960404737885,
GSE62479,0.001357706212733419,-0.0049766960404737885,
