ID,prob,log2(prob/prior),related_words
GSE57980,0.5021147722368033,4.301590705249442,"affected,cardiac,muscle,pompe,skeletal"
GSE85763,0.4399752813495776,4.11099600814097,"body,muscle,myositis,skeletal"
GSE97718,0.36343527348211385,3.8352719836860962,"muscle,quadriceps,skeletal"
GSE78965,0.327589856644158,3.685464222135442,"changes,muscle,skeletal"
GSE61890,0.27797056310785107,3.4485056460948282,"dystrophy,heart,mbnl,muscle,myotonic,splicing"
GSE107470,0.2564712009899505,3.332370370967831,"body,changes,inflammatory,muscle,skeletal"
GSE55163,0.22689267091611234,3.1555835433209802,"changes,muscle,muscles,muscular,skeletal"
GSE61891,0.21816946137489934,3.0990227076828583,"dystrophy,heart,hearts,mbnl,muscle,myotonic,splicing"
GSE97027,0.21371752476565664,3.069278748832978,"cardiac,cardiomyopathy,dilated,failure,heart"
GSE79696,0.20680283085865284,3.0218294698580372,"muscle,skeletal"
GSE81367,0.20598022348946715,3.016079363933552,"muscle,normal,skeletal,wildtype"
GSE80812,0.19751968766511038,2.9555699957564694,"failure,muscle"
GSE92539,0.18250113520082528,2.841478973402826,"muscle,skeletal"
GSE89633,0.17898333054603863,2.813398765094419,"changes,muscle,skeletal"
GSE97690,0.1759969089750852,2.7891236265773314,muscle
GSE75907,0.1633551653838081,2.6815856098131454,"cardiac,changes,heart,normal"
GSE56185,0.15693956162682987,2.6237826109684392,"dystrophy,heart,muscle,myotonic,splicing"
GSE74920,0.15384815449015837,2.5950806731721245,"icm,muscle"
GSE70413,0.14692643167921715,2.5286674917643635,"cardiac,cardiomyocytes,failure,genomic,heart,hearts,muscle,myocardial,ventricles"
GSE106365,0.1464815323659853,2.524292324056124,"muscle,myoblasts,myotubes,skeletal"
GSE84063,0.14428016670803007,2.5024465306693275,"muscle,myoblasts,myotubes,skeletal"
GSE108402,0.14292048409350708,2.488786241145679,"alternative,changes,mbnl1,muscle,skeletal,splicing"
GSE86520,0.13459373313295767,2.402184773144365,"muscle,skeletal"
GSE71679,0.1342044456122291,2.398005998043186,"muscle,skeletal"
GSE86073,0.13320600796748894,2.387232688974144,"duchenne,dystrophy,muscle,muscular,skeletal"
GSE31843,0.13184596701858484,2.372426977352337,"muscle,muscles,skeletal"
GSE79739,0.13106082774921618,2.3638100840635543,"changes,muscle,muscles,skeletal"
GSE61205,0.12877958068439538,2.33847739305038,"cardiac,cardiomyocytes,genomic,muscle,myoblasts,skeletal"
GSE100532,0.12823088042476838,2.3323172675614408,"cardiomyocytes,failing,failure,heart,hearts,ischemic,myocardial"
GSE87404,0.12759389681200742,2.3251328579173647,"muscle,skeletal,stem"
GSE89977,0.12622419306727362,2.30956198995415,"muscle,skeletal,stem"
GSE76733,0.12333744859353137,2.2761844430592313,muscle
GSE39438,0.12319945249549359,2.2745693801115476,"failure,inflammatory,muscle,normal,skeletal"
GSE98473,0.12129537615241259,2.2520980906378334,"dmd,muscle"
GSE64379,0.11726841536673867,2.203388031110283,"muscle,skeletal,stem"
GSE68736,0.11700061032496402,2.2000895910126133,"affected,duchenne,dystrophy,muscle,muscular"
GSE100686,0.11603515882352886,2.1881355457822917,"muscle,skeletal"
GSE86868,0.11513004337825002,2.176837891767354,"cardiomyocytes,cardiomyopathy,dilated,heart,hearts,muscle"
GSE76722,0.11430968494498372,2.166521177259764,muscle
GSE84377,0.11222442749863286,2.1399602719851,"muscle,skeletal,stem"
GSE84378,0.11174490397457144,2.1337825755774653,"muscle,skeletal,stem"
GSE68915,0.11139270878354812,2.129228339550814,"body,changes,dystrophy,muscle,muscular,skeletal,wildtype"
GSE84379,0.11092759919696005,2.1231918934961174,"muscle,skeletal,stem"
GSE74570,0.1088269542529981,2.095609462934536,"muscle,skeletal"
GSE66630,0.10646807623784481,2.063994448013532,"cardiac,changes,failure,heart"
GSE86280,0.10640097445722317,2.0630848990769626,"body,changes,muscle,skeletal"
GSE103722,0.10595488791934707,2.0570236792412087,"muscle,skeletal"
GSE97764,0.10539954151865862,2.049442126829712,muscle
GSE95682,0.10520469659526735,2.0467726469803162,muscle
GSE65936,0.10409814496304133,2.031517895402825,"body,changes,inflammatory,muscle,skeletal"
GSE58669,0.10406887795926555,2.031112227291762,muscle
GSE89585,0.1040436107433261,2.0307619082163497,"cardiomyocytes,cardiomyopathy,dilated,heart,hearts,muscle"
GSE83555,0.10401872516184131,2.03041679717054,"muscle,muscles,skeletal,stem"
GSE83144,0.10171102784343596,1.9980496448800458,"failure,heart,normal"
GSE34274,0.10043559224367317,1.9798441558964093,"cardiac,heart,hearts,muscle,myocardial,skeletal,ventricles"
GSE66575,0.09845524574782641,1.9511135163190851,"changes,heart"
GSE87266,0.0978446214479822,1.9421379881819227,"dux4,dystrophy,facioscapulohumeral,fshd,muscle,muscle1,skeletal"
GSE93167,0.09712947291682195,1.931554573296142,"dux4,dystrophy,facioscapulohumeral,fshd,muscle,muscle1,skeletal"
GSE75993,0.09443589745870445,1.8909808090843314,"affected,body,muscle,skeletal"
GSE65873,0.08965127057051119,1.8159694702247327,"cardiomyopathy,dilated,heart"
GSE77795,0.08897243534516058,1.8050038828401471,heart
GSE66965,0.08524901869559914,1.7433286679056896,"alternative,heart,splicing"
GSE96690,0.08283584907435067,1.7019007021368426,"cardiac,changes,failure,heart,wildtype"
GSE68998,0.08160667223253301,1.680332553606834,"muscle,muscles"
GSE75077,0.08001539948059559,1.6519231232891742,heart
GSE58455,0.07775812442493872,1.6106388612337803,"cardiac,failure,heart,hearts,normal"
GSE97375,0.0777412310600578,1.6103253940331286,"muscle,skeletal,stem"
GSE69726,0.07533095729459038,1.5648883035866399,"cardiac,failure,heart,hearts,muscle"
GSE74517,0.07416529493761555,1.5423896876175318,"cardiac,cardiomyopathy,failure,heart,hearts,normal"
GSE75832,0.07319663673623104,1.5234228011793425,"muscle,muscles,skeletal"
GSE55280,0.07214265661632782,1.5024979911943874,"changes,chf,failing,failure,heart,ischemic,left,myocardial"
GSE87321,0.07146216745116477,1.4888251121863467,"heart,hearts"
GSE72105,0.070461223415408,1.4684749650925024,"muscle,myoblasts,myotubes,wildtype"
GSE41246,0.06997063794404977,1.4583950857974235,"cardiac,heart,muscle,skeletal"
GSE87569,0.06958010404049357,1.4503202767524368,"muscle,myoblasts,skeletal"
GSE52313,0.06899002264617443,1.4380331746550346,"heart,myocardial"
GSE44573,0.06808969433281997,1.4190818972660098,"heart,wildtype"
GSE74274,0.06722941914844045,1.4007381255518752,"alternative,changes,muscle,skeletal,splicing,wildtype"
GSE64391,0.06716752970218973,1.3994094108114845,"cardiomyopathy,dilated,heart"
GSE83541,0.06688414846429125,1.3933097734000428,muscle
GSE98082,0.06613316258754964,1.3770193356620577,"cardiac,heart,hearts,muscle,wildtype"
GSE73225,0.06552185134319458,1.3636215620016918,"cardiac,heart"
GSE68178,0.06394692216618438,1.328520362907068,"heart,hearts,normal,splicing"
GSE55423,0.06349106746360567,1.3181990744793295,"body,dm,dystrophy,muscle,muscular,myoblasts"
GSE66557,0.06348972568860675,1.3181685852677103,"muscle,normal,skeletal,wildtype"
GSE80473,0.06294103968996179,1.3056464505402527,"genomic,muscle,normal,skeletal"
GSE79883,0.06255236893873561,1.2967099627298695,"body,cardiac,cardiomyocytes,failure,heart"
GSE80664,0.06252554019422249,1.2960910573208446,"alternative,changes,heart,hearts,left,splicing,ventricles"
GSE57125,0.062475858989229104,1.2949442728478464,"cardiac,heart,left,stem"
GSE30943,0.06211342958279925,1.2865506687390555,"cardiomyocytes,heart,hearts,normal"
GSE87837,0.06105134090910869,1.261668422967611,"cardiac,heart,hearts,heartsmethods,left"
GSE53398,0.06094550415348957,1.259165240189351,"muscle,myoblasts"
GSE94768,0.06033942296963533,1.244746340536985,"changes,muscle,muscles,quadriceps,skeletal"
GSE75631,0.060029771957284685,1.2373236280122046,"muscle,skeletal"
GSE82294,0.05949640177272542,1.2244478602396898,"heart,heartrelated"
GSE63243,0.058776242941562945,1.2068785834673723,heart
GSE75318,0.05832712669166369,1.1958124465086057,"left,muscle,myocardial,wildtype"
GSE52123,0.058233735534211156,1.1935006072517902,"cardiac,heart"
GSE58996,0.057351353584302434,1.1714729771549666,"cardiac,changes,heart,wildtype"
GSE84160,0.05677235924708704,1.1568341364587398,"cardiac,cardiomyopathy,dilated"
GSE103162,0.05648810822430482,1.149592626493377,"muscle,skeletal,stem"
GSE78964,0.056327759983909834,1.145491540880418,"cardiac,heart,stem,ventricles"
GSE62659,0.05596699313491234,1.136221680620951,"muscle,myoblasts,skeletal"
GSE52038,0.055489684938866635,1.1238650522173732,"cardiomyopathy,changes,hcm"
GSE63268,0.0552564582144136,1.1177885329523063,"muscle,skeletal"
GSE61734,0.05501291595304935,1.1114158154743217,"cardiac,cardiomyocytes,heart,hearts,wildtype"
GSE97762,0.054770070385676134,1.1050331749781706,"cardiac,cardiogenic,cardiomyocytes,heart,hearts,normal,ventricles"
GSE84158,0.05469067360618929,1.1029402719713148,"changes,muscle,myoblasts,myotubes"
GSE70484,0.054603769124285925,1.100645979812192,"genomic,muscle"
GSE66822,0.05428261630962229,1.0921356979297563,"muscle,muscles,skeletal,stem"
GSE79436,0.05420184588433561,1.0899874250584798,muscle
GSE69968,0.05407035375317787,1.0864832358125351,"muscle,myoblasts,stem"
GSE97732,0.053899779281536685,1.0819248057697881,heart
GSE85727,0.05379806466277572,1.0791997146383692,"cardiac,heart"
GSE73787,0.0533574264534894,1.0673345244185082,"cardiac,heart"
GSE50590,0.053114406206675534,1.0607486564944315,"inflammatory,muscle,myoblasts"
GSE91398,0.05278717247602157,1.0518328312756726,"cardiac,failure,heart,hearts"
GSE64403,0.05206715859689953,1.0320191188712162,"cardiac,changes,heart,hearts"
GSE68147,0.05201487642532693,1.0305697383708716,"heart,hearts,wildtype"
GSE90148,0.0519511020992907,1.0287997956116295,muscle
GSE89712,0.05179352395473788,1.024417161230003,heart
GSE37746,0.05140703995953004,1.013611384036572,"changes,heart,ventricles"
GSE107678,0.0512743489682301,1.00988270946997,"cardiac,heart,hearts,ventricles"
GSE58465,0.05082441808273546,0.9971672325257774,"muscle,stem"
GSE80083,0.050424888525686835,0.9857814300612707,"inflammatory,muscle,normal"
GSE70471,0.05003662377084988,0.9746298872961607,"cardiac,heart,hearts,wildtype"
GSE97399,0.04993326526413129,0.9716466918630613,"changes,muscle,normal,skeletal,stem"
GSE96991,0.04926216420474116,0.9521254508599629,"cardiac,heart"
GSE71028,0.048224545694892235,0.9214130878427782,"muscle,muscles"
GSE29446,0.047797894062117624,0.9085924961752936,"alternative,cardiac,changes,failing,heart,hearts,normal"
GSE61209,0.04760607864914301,0.9027912384271598,"hearts,myocardial,n3"
GSE59970,0.047457034627158216,0.8982673965253379,"cardiac,changes,heart,hearts"
GSE60642,0.04735877438758535,0.8952771860832153,"changes,muscle"
GSE60641,0.04735877438758535,0.8952771860832153,"changes,muscle"
GSE69855,0.0465257077723342,0.8696735380356003,"heart,hearts"
GSE69311,0.04632691546921028,0.8634960688793419,muscle
GSE88761,0.04631710907107492,0.8631906494616968,"cardiac,changes,heart,hearts"
GSE67658,0.046113373508026224,0.8568306531859894,"hearts,wildtype"
GSE82192,0.04563730447601696,0.841859023318306,"muscle,myoblasts"
GSE70028,0.04550235754815387,0.83758673611508,"muscle,myoblasts,wildtype"
GSE82164,0.04538120450989998,0.8337403421786148,"changes,muscle,muscles"
GSE81830,0.045116818358467536,0.8253107729433785,"muscle,stem"
GSE74679,0.0444241524999659,0.8029896941439753,"cardiac,cardiomyocytes,changes,heart,hearts"
GSE55754,0.04428604332739265,0.7984975480609843,"cardiac,cardiomyocytes,heart,myocardial,stem"
GSE84586,0.04414286797175221,0.7938258054595557,"cardiac,heart"
GSE98451,0.0441209551372515,0.7931094635382124,uterine
GSE89733,0.04401826765802346,0.7897478095690699,"cardiac,heart,myocardial"
GSE76215,0.043949286737061534,0.7874851923195524,"cardiac,heart,hearts"
GSE46207,0.04371938753735702,0.7799186310968148,"alternative,muscle,splicing"
GSE49906,0.04302173453156617,0.7567111324700184,"affected,alternative,cardiac,cardiomyocytes,changes,heart,mbnl1,normal,splicing,ventricles"
GSE37076,0.043017249483680395,0.7565607225965668,muscle
GSE104560,0.04254674426435629,0.7406941797032525,"dystrophy,muscular,wildtype"
GSE79937,0.042532220418412724,0.7402016142189617,"cardiac,heart,hearts"
GSE78845,0.04243877926033127,0.7370285987141518,"muscle,muscles"
GSE81286,0.042414507083406904,0.7362032364507837,"changes,muscles,skeletal"
GSE112204,0.04229821080614391,0.7322420799192892,"muscles,normal"
GSE77588,0.04186229398306433,0.7172968115991634,"cardiac,changes,heart"
GSE70069,0.041819255432424485,0.7158128163939206,"genomic,muscle,myoblasts,skeletal,stem"
GSE90615,0.04161053159685718,0.708594160289064,"cardiac,changes,heart"
GSE89136,0.041523217913317076,0.7055636927519968,"genomic,muscle"
GSE94949,0.04150452923656327,0.7049142216377157,"cardiac,heart,myocardial"
GSE99412,0.04140437129474458,0.7014285298643658,muscle
GSE77798,0.04113445493677122,0.6919927673995343,"heart,left"
GSE45760,0.04103427185518087,0.6884747937798242,"heart,hearts"
GSE101900,0.04075902008901761,0.6787648078473936,"changes,muscle"
GSE57776,0.04063682555260336,0.6744331473614184,"alternative,muscle"
GSE96561,0.03951054573457442,0.6338832140875635,"cardiac,hearts,myocardial"
GSE101576,0.03950597298234682,0.6337162341427,"changes,muscle,skeletal,stem"
GSE93753,0.03949500603974064,0.6333156833138585,"heart,normal"
GSE31839,0.03917143981804185,0.6214475987486384,"affected,changes,muscle,muscles,normal,skeletal"
GSE83350,0.03916884880318585,0.6213521677934869,"cardiac,failure,genomic,heart,hearts,left,myocardial"
GSE76010,0.03907978626206038,0.6180680174235847,"alternative,muscle"
GSE90101,0.03896426097070786,0.6137968938062601,"uterine,wildtype"
GSE68921,0.03869043565192146,0.603622414115635,"cardiac,cardiomyocytes,hearts,normal"
GSE56932,0.03864707678710788,0.6020047353507938,muscle
GSE69699,0.03864003696371989,0.6017419148668661,"muscle,skeletal"
GSE48043,0.03850941899391343,0.596856797402243,"heart,hearts"
GSE69190,0.03829294052054644,0.5887238897924859,"cardiac,cardiomyocytes,heart,hearts,stem"
GSE106471,0.03815652264353873,0.583575139352842,"cardiac,heart,hearts,inflammatory,ischemic,left,myocardial"
GSE88789,0.038116146750455535,0.5820477218223835,"genomic,heart,muscle,skeletal"
GSE95762,0.03797920349887193,0.5768550901417279,"cardiac,cardiomyocytes,changes,heart,hearts"
GSE89823,0.03777318557775289,0.5690078982698333,"muscle,wildtype"
GSE71912,0.03767583342562262,0.565284866561866,"affected,cardiac,cardiomyopathy,failure,heart,left,myocardial"
GSE86310,0.03722090287978788,0.5477584923394773,"cardiac,cardiomyocytes,heart,normal"
GSE87344,0.03716564475588319,0.5456150769364502,heart
GSE59285,0.037117687606945414,0.5437522754610901,muscle
GSE85646,0.03690056555938476,0.5352883686185258,"alternative,cardiac,changes,failure,heart,hearts,splicing"
GSE73541,0.0367747435611158,0.5303607218511638,uterine
GSE62689,0.03602239498551511,0.5005395440637506,"cardiac,hearts,normal"
GSE56367,0.035918794776765975,0.49638438312714667,muscle
GSE91078,0.035889075362223,0.49519019495962724,"cardiomyocytes,cardiomyopathy,dilated,heart"
GSE80972,0.035672132028612746,0.4864428850192312,"heart,muscle,wildtype"
GSE80378,0.035385522293680555,0.4748046543577302,"cardiac,heart,hearts,myocardial"
GSE58858,0.03485438460546563,0.4529855959813007,"cardiomyocytes,changes,heart"
GSE104163,0.03421851623705447,0.4264226444852065,"muscle,muscles,myoblasts,soft"
GSE57926,0.03405447779355424,0.41948995000728034,"alternative,body,heart,splicing,stem"
GSE98133,0.03403109369165139,0.4184989579823484,"affected,muscle"
GSE94560,0.033506753874290376,0.39609736597304257,"muscle,skeletal"
GSE20846,0.03325865199135786,0.38537513642701104,muscle
GSE43078,0.033200050910702585,0.38283089446406116,"body,cardiac,heart"
GSE101334,0.033196925900024474,0.38269509197340795,muscle
GSE69018,0.032957464256575156,0.3722506865900702,"changes,uterine"
GSE75044,0.03287377815578565,0.36858271426533545,"changes,muscle,stem"
GSE94246,0.032734339552763274,0.3624503120258776,"cardiac,genomic,hearts,wildtype"
GSE79700,0.03272441120550196,0.3620126752759536,"cardiac,changes,heart,stem"
GSE91402,0.03260859153857889,0.3568975687561679,muscles
GSE101810,0.03255366368074751,0.3544653580660321,"heart,muscle,skeletal"
GSE83471,0.032510731152054745,0.3525614425562869,"cardiomyopathy,heart,skeletal"
GSE67889,0.03223699962751865,0.3403629157193142,"heart,myocardial"
GSE94595,0.031813299776477545,0.3212754611353514,"muscle,skeletal"
GSE104365,0.031670476448906824,0.31478401194003447,"heart,muscle"
GSE55394,0.03159250560870606,0.3112278026754551,"cardiac,cardiomyocytes,heart,myocardial,wildtype"
GSE65619,0.03132512120215636,0.2989655321731935,"body,muscle,myoblasts,myotubes"
GSE102685,0.031148525291203284,0.2908093018950617,"muscle,stem"
GSE72601,0.031144081148514222,0.2906034494513822,"muscle,skeletal"
GSE45893,0.031018076511025297,0.28475466551410694,"muscle,muscular"
GSE55797,0.030981464451588833,0.2830507805528523,muscle
GSE98839,0.030823925728269454,0.2756960554570284,muscle
GSE92965,0.03070743820828449,0.2702335999733084,"cardiac,failure,heart,myocardial"
GSE55870,0.03070142539121607,0.26995107849723377,"nf,normal"
GSE106586,0.030591582619449192,0.26478018553909405,"muscle,rhythmdisrupted,skeletal"
GSE55790,0.03055257974234361,0.26293964139427145,"cardiac,hearts,wildtype"
GSE37379,0.030539847749622574,0.26233831046736994,muscle
GSE97955,0.0305046485758941,0.26067455101103115,"changes,muscle"
GSE55788,0.030248747228916087,0.2485208340785929,"cardiac,hearts,wildtype"
GSE80128,0.030029945864983455,0.23804731473524643,"muscle,muscles,skeletal,wildtype"
GSE41937,0.029931355754230515,0.23330306842302415,"muscle,myoblasts"
GSE58453,0.02992342013127426,0.23292051970295766,"cardiac,hearts,wildtype"
GSE94661,0.029496674595657683,0.21219775727121318,"inflammatory,muscle,myocardial"
GSE70391,0.029314331445281845,0.20325159499797804,scn
GSE65141,0.029211757710373265,0.19819461024704882,"cardiomyocytes,hearts"
GSE57680,0.029064096986768616,0.19088352572709447,muscle
GSE38820,0.028973308299399394,0.18636986784627121,"changes,muscle,splicing,wildtype"
GSE54124,0.028804013915148766,0.1779153096136282,"changes,scn,twin"
GSE105455,0.02873400466422987,0.1744045161781055,uterine
GSE65651,0.028701945237500415,0.17279395760498528,"cardiac,cardiomyocytes,heart,wildtype"
GSE39656,0.02868472230616269,0.17192799206141635,"cardiac,cardiogenic,cardiomyocytes,myocardial"
GSE70930,0.028630970315443517,0.16922200528410666,"muscle,stem"
GSE75957,0.028630952369094888,0.16922110097957213,"genomic,muscle"
GSE56890,0.02862792217607262,0.16906840344630844,"cardiac,hearts,wildtype"
GSE56902,0.0286232709344644,0.16883398655987045,"alternative,cardiac,changes,hearts,splicing,ventricles"
GSE95739,0.028556965273688686,0.1654881140275608,"cardiac,cardiomyocytes,cardiomyopathy,left"
GSE79013,0.028442532364659486,0.1596953607924281,"left,normal,ventricles"
GSE72095,0.028370127064827246,0.15601805279077885,scn
GSE43351,0.02805248968417866,0.13977425760961823,muscle
GSE83368,0.027883662450127866,0.13106550866495995,"cardiomyopathy,dilated,heart"
GSE92463,0.027714509263005616,0.12228690283465529,"muscle,stem"
GSE47019,0.027651390848328107,0.11899748956367054,"uterine,wildtype"
GSE31385,0.027631692537977846,0.11796937556864147,"lmrs,stem"
GSE71773,0.027585208067334277,0.11554030293386854,"changes,muscle,n3,skeletal"
GSE85772,0.027518227770275763,0.11203300112855984,"changes,muscle,skeletal"
GSE61486,0.027408298516735756,0.10625821027959073,cardiac
GSE68025,0.027291057480434602,0.10007373817404899,"cardiac,stem"
GSE83762,0.027149164807777158,0.09255325753948687,"muscle,myoblasts"
GSE59383,0.027132093092840728,0.09164578854400413,cardiac
GSE80623,0.027078611988337456,0.08879923087005541,uterine
GSE87836,0.026906124668897132,0.07958005291011304,cardiac
GSE45319,0.026847100593243006,0.07641173044953152,muscle
GSE58363,0.026787469808656872,0.07320375947078508,cardiac
GSE80588,0.026780058371311706,0.07280454583016173,"genomic,muscle"
GSE99093,0.026698589124317385,0.06840894590193414,muscle
GSE51735,0.026641183510538777,0.06530361484400807,muscular
GSE68509,0.02662688467606241,0.06452908485682109,"cardiac,cardiomyocytes,myocardial"
GSE42339,0.026609457449741036,0.06358453559274964,uterine
GSE98689,0.026513005273344423,0.05834565085937502,muscle
GSE80964,0.026386621796583663,0.05145209896930484,cardiac
GSE103670,0.026352994883594518,0.04961236670586424,"inflammatory,uterine"
GSE93585,0.02612131543896865,0.03687299173853784,"cardiac,changes"
GSE101772,0.02604644616011015,0.03273198172884671,cardiac
GSE35350,0.025968604756770045,0.028413943452212615,"cardiac,myocardial"
GSE92602,0.025951814767711776,0.027480867987216245,"body,failure"
GSE38907,0.025914446194909492,0.025402003500180348,"muscle,splicing"
GSE74682,0.02589708605606832,0.024435215371574604,"cardiac,skeletal"
GSE69201,0.02585783119223418,0.022246715756258743,"cardiac,ischemic,left,myocardial"
GSE61828,0.02567795497927716,0.012175749793020564,"changes,heart"
GSE103736,0.02566503035128099,0.011449407256090657,muscles
GSE101701,0.025650093203473674,0.0106095086771739,"cardiac,heart,myocardial"
GSE73909,0.025622786464043635,0.009072817095242327,cardiac
GSE69913,0.025593508971207102,0.007423400714505301,muscle
GSE38236,0.025573586283002298,0.00629993006275353,"snail12,myoblasts,skeletal"
GSE70723,0.02551277320344361,0.002865167021350811,cardiac
GSE60441,0.025476105031833958,0.0007901655586750512,"muscle,myoblasts"
GSE102204,0.025442321893601516,-0.001124220886003864,muscular
GSE74049,0.02531613918561385,-0.008297154745485988,"muscles,skeletal"
GSE78701,0.025312058032903574,-0.008529746823120686,"uterine,wildtype"
GSE92641,0.025101236083543414,-0.020596149513495917,"normal,skeletal"
GSE63796,0.02504726230521043,-0.02370163561607594,cardiac
GSE61636,0.024975408888124034,-0.027846261935464568,"muscle,stem"
GSE66128,0.024968993317596316,-0.028216902544900488,"cns,failure"
GSE56284,0.024800269020789162,-0.03799878909023823,"affected,muscular,normal,stem"
GSE80810,0.024794588560744135,-0.038329273820809064,failure
GSE89811,0.02475517262829502,-0.040624549556003975,"muscle,stem"
GSE51620,0.024751531296639186,-0.040836776616789056,cardiac
GSE72941,0.024453376970299843,-0.05832084671580627,"changes,myotubes"
GSE97450,0.024417952730497502,-0.06041231360870535,"heart,normal,stem"
GSE81476,0.024342497033304773,-0.06487739330214777,"sarcoma,wildtype"
GSE93043,0.024230271045043852,-0.0715440162364525,failure
GSE95002,0.02419614638497916,-0.07357726538470066,"failure,inflammatory"
GSE68360,0.024191020383305825,-0.07388293557435192,"changes,hfdsohfd"
GSE105266,0.024182774724293747,-0.07437477093497799,"body,genomic,heart"
GSE69926,0.02412875849243891,-0.07760087356964551,"cardiac,heart,stem"
GSE47948,0.02411391802661184,-0.0784884805049737,"cardiac,cardiomyocytes,stem"
GSE47083,0.024063755213043284,-0.08149276293117398,cardiac
GSE95224,0.023877475206880022,-0.09270426464923684,failure
GSE60853,0.02386786587597782,-0.09328498452311912,"muscular,stem,wildtype"
GSE87899,0.023847602545784517,-0.09451032333697121,"biomarkers,failure"
GSE67868,0.023779883910487354,-0.09861288731521652,"cardiac,stem"
GSE88836,0.023773420457914408,-0.0990050699891772,muscle
GSE67130,0.02370933620557323,-0.10289928741392347,"cns,ischemic"
GSE67009,0.02367880864674933,-0.10475806301931435,"alternative,failure,splicing"
GSE57804,0.023664772485280997,-0.1056135074387093,"inflammatory,uterine"
GSE38497,0.02365630399714286,-0.10612987126131493,"alternative,mbnl2,splicing"
GSE52080,0.023643044820299976,-0.10693871745716406,cardiac
GSE69709,0.02364067940358037,-0.10708306205056807,"alternative,splicing,wildtype"
GSE76291,0.0235864340468842,-0.11039724052962124,"affected,failure"
GSE92562,0.023558230715628063,-0.11212336632555728,"cns,wildtype"
GSE97489,0.023547458838796508,-0.1127831818894024,"normal,sarcoma,sarcomas,soft"
GSE99791,0.023535173041425744,-0.11353609899002452,"changes,inflammatory,normal,somatomotor"
GSE71159,0.02345549455937137,-0.11842863901816732,"affected,alternative,failure,normal"
GSE89314,0.023425009959892478,-0.12030489812166946,cardiac
GSE42999,0.023346795623321343,-0.12513000757696577,"cardiac,cardiomyocytes,myocardial"
GSE85627,0.0232716080716134,-0.1297836547824518,dux4
GSE67933,0.02326955329634692,-0.1299110437002133,"affected,inflammatory,wildtype"
GSE95519,0.02326542021610219,-0.13016731436884288,dux4
GSE88791,0.02325738220655401,-0.13066583965215725,inflammatory
GSE91387,0.02324958643139561,-0.1311495059325295,"changes,cns,inflammatory,normal"
GSE44402,0.02323493118796048,-0.13205918721181156,"affected,alternative,changes,normal,splicing"
GSE95712,0.02322450461441035,-0.13270673559232854,"inflammatory,wildtype"
GSE84989,0.02321937092274284,-0.1330256732974478,"affected,alternative,changes,splicing"
GSE53528,0.023170547666580957,-0.13606241480049447,"changes,myotubes,normal,wildtype"
GSE80446,0.02315536092515838,-0.13700831475102,wildtype
GSE80206,0.023134749393483815,-0.13829308837944881,"alternative,cns,polyadenylation"
GSE88959,0.023101735120264564,-0.14035334606760771,"changes,cns,inflammatory"
GSE59148,0.02307283472446115,-0.14215929524223064,"muscles,skeletal"
GSE74064,0.023016674582242328,-0.1456751495002834,"failure,normal,splicing,wildtype"
GSE104065,0.022992310756351445,-0.14720309339283852,"stem,wildtype"
GSE65658,0.02298398327580064,-0.14772571120177824,"cardiac,cardiomyocytes"
GSE93604,0.02297282785309356,-0.14842610241427892,wildtype
GSE74052,0.022962110698185007,-0.14909929745958383,"cns,ischemic,normal"
GSE77375,0.02295842858402692,-0.1493306609379,cardiac
GSE75925,0.02294935415122389,-0.14990100603384243,"changes,failure,inflammatory"
GSE75579,0.022935514266867477,-0.15077130309783474,"affected,normal"
GSE92395,0.022934438921138847,-0.15083894633016423,"cns,inflammatory,stem"
GSE84922,0.022928063583205538,-0.15124004387074214,"failure,stem"
GSE71843,0.022923728452358034,-0.15151284768129256,sarcoma
GSE53538,0.022916067591264785,-0.15199506127580986,"alternative,failure,splicing"
GSE64910,0.022901702365964314,-0.15289971639109243,"alternative,splicing,stem,wildtype"
GSE71405,0.02288795234024991,-0.1537661607717628,cardiac
GSE69407,0.022874910697180603,-0.15458844823551268,wildtype
GSE56461,0.02286468508508303,-0.15523351034665261,"cns,norrinfz4"
GSE89419,0.022819958202797756,-0.15805841023598577,"sarcoma,sarcomas,soft"
GSE61008,0.022819589391637585,-0.15808172694528108,"changes,wildtype"
GSE98782,0.02281552487218342,-0.1583387159841046,inflammatory
GSE66716,0.022799187183467375,-0.15937216779979776,wildtype
GSE68155,0.022744916611352254,-0.16281041406181535,"affected,wildtype"
GSE58645,0.02269812418768797,-0.16578148378968846,wildtype
GSE64568,0.022696933201983977,-0.1658571849460748,"changes,ischemic,splicing,stem"
GSE93339,0.022688156183747133,-0.16641519027396248,wildtype
GSE95141,0.022687279651333752,-0.16647092831560756,wildtype
GSE79814,0.022667601525354568,-0.16772281282325024,"genomic,skeletal,stem"
GSE99622,0.022665051058837402,-0.16788514814626343,"cardiac,changes,inflammatory,normal"
GSE82210,0.0226570565606764,-0.16839411048613187,"cns,genomic"
GSE81222,0.022630588969327167,-0.17008042765649528,"stem,uterine"
GSE68911,0.022601464839803978,-0.1719382801969606,"n3,wildtype"
GSE84665,0.02259705412111753,-0.1722198523432248,"failure,normal"
GSE96968,0.022565929281631963,-0.1742083683933215,"changes,wildtype"
GSE75691,0.02255270881083646,-0.17505383310622608,"affected,changes,inflammatory,left"
GSE77007,0.022543731878873218,-0.1756282010695846,"affected,wildtype"
GSE89734,0.022543426487439695,-0.17564774484757562,"failure,genomic"
GSE93524,0.0225339765320481,-0.1762526334643357,"skeletal,wildtype"
GSE69285,0.022529323401746418,-0.17655057205492136,sarcoma
GSE72726,0.02252837886955744,-0.1766110576916274,cns
GSE62641,0.0225204089300344,-0.1771215350166641,"affected,wildtype"
GSE86949,0.02251722466665542,-0.1773255386743399,wildtype
GSE76261,0.022494788398541066,-0.1787637634157418,"body,failure,genomic,normal"
GSE81066,0.02244110524317609,-0.18221082778201622,"inflammatory,wildtype"
GSE83265,0.022427716246977328,-0.18307183720237766,wildtype
GSE21580,0.022418154324207525,-0.1836870527660273,myoblasts
GSE104463,0.02241580999446062,-0.18383792735204924,"affected,normal"
GSE114997,0.022415576451681282,-0.18385295838438157,wildtype
GSE63194,0.02241001411047294,-0.18421100217220718,sarcoma
GSE65686,0.022404214785712157,-0.1845843950577111,"inflammatory,wildtype"
GSE106349,0.022401443818502436,-0.18476283951234307,"wildtype,zt04"
GSE98802,0.022401080527379828,-0.18478623633243962,"inflammatory,enteritis"
GSE95401,0.022393735827663123,-0.18525933401718417,cns
GSE87743,0.022372473623241625,-0.1866297819313652,"normal,wildtype"
GSE40978,0.02236929673928745,-0.18683465870296956,inflammatory
GSE86043,0.022366162528353203,-0.18703681201282094,"affected,alternative,normal,polyadenylation,splicing,stem"
GSE84526,0.022365406540639152,-0.1870855766660105,"changes,normal"
GSE81940,0.022359633164192712,-0.18745804013031142,"normal,uterine"
GSE79758,0.022330939632128538,-0.18931060184579526,wildtype
GSE79423,0.02231487617825558,-0.1903487580905152,inflammatory
GSE72847,0.0223094139726314,-0.19070194228589551,left
GSE75787,0.02229387829250715,-0.19170694655532203,"skeletal,stem,wildtype"
GSE67169,0.022281522585654932,-0.1925067382389738,wildtype
GSE39129,0.022266029325940507,-0.19351025241199907,"inflammatory,lv"
GSE68140,0.022262504203021408,-0.19373867571550737,failure
GSE87608,0.02226150943895318,-0.19380314165516246,skeletal
GSE79028,0.022258489118720713,-0.1939988919323023,skeletal
GSE75001,0.02224837185983933,-0.19465479617475182,affected
GSE69751,0.022247822904071807,-0.1946903936350612,normal
GSE96638,0.022240807586379002,-0.19514538467515305,failure
GSE100067,0.022239522508295907,-0.1952287462767512,inflammatory
GSE64357,0.022229065558055906,-0.19590725626270525,"alternative,normal,splicing"
GSE90046,0.02222883824902869,-0.19592200898733836,"cns,inflammatory,ischemic"
GSE41293,0.022214810482082133,-0.19683272586403014,sarcoma
GSE72521,0.02221156319150043,-0.19704362986719332,wildtype
GSE75599,0.022207770506124234,-0.1972899950393697,"alternative,failure,wildtype"
GSE92292,0.022202494574507493,-0.19763277887105937,"failure,stem"
GSE95649,0.022193356752505146,-0.19822666727636887,wildtype
GSE58664,0.022183609402827605,-0.19886043990600416,wildtype
GSE103799,0.022180855468297955,-0.1990395511701884,wildtype
GSE83465,0.022178656738036057,-0.19918256884959548,"changes,changesmethods,failure,normal"
GSE84257,0.022167855069449013,-0.19988537560380812,"cbm,inflammatory"
GSE55633,0.022160529473586807,-0.20036220781987552,wildtype
GSE63792,0.022155040487319356,-0.2007195961289977,inflammatory
GSE53506,0.022132593162462886,-0.202182065191172,"changes,failure,stem"
GSE82157,0.02213252533652806,-0.20218648637621048,wildtype
GSE97118,0.02212730450274322,-0.2025268433578338,wildtype
GSE56613,0.022126086011717058,-0.20260629087319112,"changes,failure,stem,wildtype"
GSE44229,0.022121868331120478,-0.2028813240126679,wildtype
GSE74961,0.022116316068379757,-0.203243464641744,"normal,wildtype"
GSE54549,0.02210863302268154,-0.20374473337204502,failure
GSE85597,0.022107061074045888,-0.20384731425643335,"mt1mmp,genomic"
GSE81193,0.02210491414202392,-0.203987428701378,inflammatory
GSE102772,0.022102218274657633,-0.2041633873882432,"cardiomyocytes,wildtype"
GSE93034,0.022102137951373942,-0.20416863040105662,"inflammatory,ischemic"
GSE84832,0.022085432708710537,-0.20525946076513887,"failure,genomic"
GSE82043,0.022079889032541444,-0.20562163786898982,"changes,inflammatory"
GSE107925,0.022067755800014733,-0.2064146384878612,affected
GSE49114,0.022067213936560238,-0.20645006362685392,bb
GSE44359,0.022062858077690678,-0.20673486606308397,"normal,wildtype"
GSE92535,0.022051040233465508,-0.20750784448114445,cardiac
GSE93682,0.022034626903278398,-0.2085820907247612,"alternative,genomic,splicing"
GSE66138,0.02202830587139693,-0.20899601330489842,"affected,changes,stem,wildtype"
GSE85891,0.022024059402025755,-0.2092741532088073,"affected,inflammatory"
GSE66137,0.02202350805532641,-0.2093102698524684,"affected,changes,stem,wildtype"
GSE40688,0.022008723364569695,-0.21027909655734156,"failure,stem"
GSE45446,0.02199935856206327,-0.21089309988342958,"changes,normal,stem"
GSE46434,0.02199702632964686,-0.2110460533659844,normal
GSE49449,0.021996115496996746,-0.21110579239316135,"normal,wildtype"
GSE43314,0.021989792580372144,-0.21152056343779022,normal
GSE89899,0.021988383712782715,-0.2116129986616468,affected
GSE69937,0.021978071651757886,-0.212289749127488,"normal,stem"
GSE103903,0.02197508433882845,-0.21248585707279413,inflammatory
GSE65976,0.021972206580558026,-0.21267479830237593,wildtype
GSE97321,0.0219686942384162,-0.212905437115248,"changes,normal"
GSE94840,0.021968368500172118,-0.21292682866580165,"failure,normal"
GSE89509,0.021960516832807624,-0.2134425513664452,biopsies
GSE100425,0.021952142051579533,-0.21399283712912656,"inflammatory,stem"
GSE98562,0.02194416873135088,-0.21451693901717303,"affected,changes,genomic,inflammatory,left"
GSE67786,0.02194124172511513,-0.21470938463148112,"biomarkers,cardiac,changes,myocardial"
GSE53427,0.021934369359896663,-0.21516133171806343,normal
GSE60659,0.021925340235545,-0.21575532895287783,wildtype
GSE93031,0.021922982553615144,-0.21591047358852708,wildtype
GSE94144,0.021922839735855848,-0.21591987208819377,"cns,inflammatory"
GSE85414,0.021920474711717597,-0.21607551764748317,inflammatory
GSE42443,0.021918086815375697,-0.2162326854967016,cns
GSE97281,0.021916521023604967,-0.21633575291922583,"changes,wildtype"
GSE78183,0.02190900286964528,-0.21683073404333497,failure
GSE86167,0.021907677415007928,-0.2169180170972035,inflammatory
GSE53380,0.0219063885447604,-0.21700289608180653,normal
GSE102123,0.021904767046530327,-0.21710968748800574,inflammatory
GSE69786,0.021898043616138764,-0.2175525750385123,wildtype
GSE57648,0.021894708760121683,-0.21777229999235323,"stem,wildtype"
GSE84450,0.021892891944213615,-0.21789201933116714,"alternative,splicing"
GSE101826,0.021880147288510076,-0.21873210959783207,"alternative,changes,splicing"
GSE65348,0.021868236191758667,-0.21951769659659098,wildtype
GSE87453,0.021862011934798836,-0.21992838279639576,del5q
GSE84803,0.02186195213980151,-0.21993232873075624,"alternative,splicing"
GSE55090,0.021848408228512535,-0.22082638378367925,wildtype
GSE98906,0.02184491341364884,-0.2210571720091531,"changes,failure,genomic"
GSE67672,0.0218431499033479,-0.22117364352901187,ups
GSE106386,0.02183876447786998,-0.2214633209252553,wildtype
GSE93202,0.021820954465085442,-0.2226403517980935,wildtype
GSE94263,0.021818256932305193,-0.22281871052846647,"inflammatory,melenama"
GSE86609,0.02181809249833922,-0.2228295834850889,wildtype
GSE107958,0.021813384323246653,-0.22314093947754474,"affected,changes"
GSE73413,0.021811216061544493,-0.22328435123971738,cns
GSE97234,0.0218096178274839,-0.22339006973012027,failure
GSE77005,0.021808709998792485,-0.22345012338263473,cns
GSE66127,0.021805575336682117,-0.22365750321034444,"normal,stem,wildtype"
GSE77472,0.021798824449940298,-0.22410422285100012,"affected,changes,soft"
GSE95428,0.021791746079876502,-0.22457276131490414,normal
GSE60261,0.021785349374529844,-0.22499630928439152,"affected,genomic,wildtype"
GSE58928,0.021781096061944127,-0.2252780046548898,"alternative,changes,myoblasts,splicing"
GSE58283,0.021771191033257725,-0.2259342244295655,left
GSE65850,0.021767111248459755,-0.22620460177570392,failure
GSE94482,0.021761669685129603,-0.2265653064085292,cns
GSE84145,0.021757653062270278,-0.22683161394876167,wildtype
GSE84942,0.021756757300123872,-0.22689101089776573,"affected,normal"
GSE77997,0.021755196451590464,-0.2269945147970639,wildtype
GSE49761,0.021754435353681042,-0.2270449878594231,"tet1affected,genomic,wildtype"
GSE70793,0.021754096574626285,-0.2270674549407336,wildtype
GSE80122,0.02175216953356285,-0.22719525871873242,"affected,changes,genomic,glutamate"
GSE43431,0.021737858833355907,-0.22814471668602507,"affected,changes,wildtype"
GSE63467,0.021737385745236038,-0.22817611487094994,inflammatory
GSE78209,0.021737385745236038,-0.22817611487094994,inflammatory
GSE84804,0.021731315716638996,-0.22857903466921475,"failure,stem"
GSE94264,0.021730513378297296,-0.22863230115941652,"inflammatory,melenama"
GSE54561,0.021729056247396194,-0.2287290437431023,wildtype
GSE99120,0.021727703534124992,-0.22881885958480572,"stem,wildtype"
GSE81017,0.021724910265670326,-0.22900434138673076,"alternative,changes,splicing"
GSE79095,0.021723492919567225,-0.22909846674209422,"alternative,splicing"
GSE91058,0.021720663317104233,-0.22928639781501353,wildtype
GSE54226,0.02171959741580832,-0.22935719713748812,"alternative,changes,splicing"
GSE99619,0.02171827743893153,-0.2294448774902302,normal
GSE23619,0.021717000908790834,-0.22952967693317664,"inflammatory,normal,splicing"
GSE93154,0.02171533763122732,-0.22964017534861275,normal
GSE76133,0.021714361867305333,-0.22970500332521962,"alternative,splicing"
GSE98401,0.021713272235209597,-0.22977739993874596,inflammatory
GSE38845,0.021712888532524826,-0.22980289452314964,"affected,normal"
GSE81724,0.021707041465977826,-0.23019145037583694,wildtype
GSE90883,0.02170305307792596,-0.2304565512810624,inflammatory
GSE85498,0.02170212851601494,-0.23051801218666132,normal
GSE76294,0.02170104985617873,-0.2305897201700483,"alternative,splicing"
GSE65818,0.021698331484461583,-0.2307704499998109,"alternative,changes,splicing"
GSE76317,0.021698120338226993,-0.2307844889183287,"alternative,splicing"
GSE83226,0.021696842245652784,-0.23086947103188976,"affected,changes"
GSE44333,0.021692727488973187,-0.2311431008055991,"changes,cns"
GSE54794,0.021691650998969168,-0.23121469555213284,"alternative,splicing"
GSE92905,0.02169041078350439,-0.2312971836879032,"affected,stem"
GSE40468,0.02168700512598467,-0.23152372208913088,"alternative,polyadenylation"
GSE99166,0.021686640016096853,-0.23154801067372277,wildtype
GSE97544,0.021682160156206606,-0.23184606234427152,"changes,wildtype"
GSE75775,0.02167796328389642,-0.23212534230971818,"changes,cns,wildtype"
GSE72165,0.021677279459688607,-0.2321708523671461,body
GSE62202,0.021675957299669868,-0.2322588491971626,"changes,failure"
GSE100397,0.021674603007537093,-0.232348990156387,inflammatory
GSE83963,0.021671241196555217,-0.2325727748412047,cardiac
GSE38892,0.021670002810153115,-0.2326552188947822,wildtype
GSE99787,0.021663899144942392,-0.23306163175823094,inflammatory
GSE81206,0.021663253672356424,-0.23310461727831822,wildtype
GSE93581,0.02166177091988877,-0.23320336665713187,"body,stem"
GSE47964,0.021657945096175402,-0.23345819274652233,"cardiac,cardiomyocytes,stem"
GSE47494,0.021656520760104086,-0.2335530747932828,inflammatory
GSE58001,0.02164845867223749,-0.2340902478607309,"alternative,splicing"
GSE74822,0.021643979956025895,-0.23438874902609838,failure
GSE57313,0.021640779232654783,-0.23460211131941955,affected
GSE60283,0.021633487513617485,-0.2350882998922222,wildtype
GSE69858,0.021629094922062813,-0.23538126298954892,normal
GSE60699,0.021627883819284623,-0.23546204773334733,"cardiac,cardiomyocytes,stem"
GSE43410,0.02162680205623755,-0.2355342088947183,"affected,changes,glutamate"
GSE96059,0.021624890068453265,-0.23566176068106107,wildtype
GSE104461,0.021623495944762677,-0.23575477202880837,"changes,inflammatory,keywords"
GSE57910,0.02162299894119783,-0.2357879319221237,"changes,wildtype"
GSE66828,0.021619743463428327,-0.23600515503895156,"changes,normal"
GSE89984,0.021617859895285876,-0.23613085184954777,"changes,splicing"
GSE33473,0.021614121861389113,-0.2363803358084062,wildtype
GSE94132,0.021608275835153647,-0.2367705979669037,inflammatory
GSE76776,0.021607255432878312,-0.23683872760730912,"inflammatory,normal"
GSE89627,0.021603246834443212,-0.23710640258428803,"normal,wildtype"
GSE87821,0.02159723913505519,-0.23750766094866113,"normal,stem"
GSE75510,0.02159716155350236,-0.23751284340378256,wildtype
GSE75154,0.021596281898728673,-0.23757160572872998,inflammatory
GSE52320,0.021590801926579355,-0.2379377304116765,"changes,inflammatory"
GSE77703,0.021589667541092587,-0.2380135319180875,"affected,alternative,splicing,stem"
GSE76552,0.02158886905659304,-0.23806689035580325,"alternative,normal"
GSE83483,0.02158843682241218,-0.2380957750718158,wildtype
GSE79902,0.021587276974975672,-0.23817328652434633,"alternative,splicing"
GSE84078,0.021585500478701922,-0.2382920160811137,"inflammatory,normal"
GSE75816,0.021578226894308557,-0.23877823749301527,"changes,normal"
GSE79452,0.021576506538626573,-0.2388932630494185,inflammatory
GSE96103,0.02156819368755676,-0.2394492019758497,nf
GSE76909,0.02156732679848063,-0.23950718929382867,"affected,normal"
GSE59283,0.02156706082049801,-0.23952498136821293,"changes,genomic,normal"
GSE75951,0.02156570805849823,-0.23961547511948114,affected
GSE90908,0.021555730214038983,-0.24028312386004708,cns
GSE58432,0.021555069442064655,-0.24032734908705278,splicing
GSE90921,0.0215549644934437,-0.24033437338470134,"alternative,splicing,stem,wildtype"
GSE38669,0.021554504973435248,-0.2403651298400976,splicing
GSE58318,0.021551931934126738,-0.24053735985125668,wildtype
GSE65887,0.021551059805759786,-0.24059574165815228,wildtype
GSE77449,0.02155049529208807,-0.24063353245585786,"affected,changes,normal"
GSE66211,0.021548288106739574,-0.24078129975267046,"body,inflammatory,wildtype"
GSE96685,0.021544340444521127,-0.2410456267576856,wildtype
GSE37641,0.02154039063550998,-0.24131014598507572,"3seq,alternative,polyadenylation,stem"
GSE70368,0.02153934717431284,-0.24138003481779885,affected
GSE82180,0.021538759509525492,-0.2414193968575785,wildtype
GSE100961,0.02153231704139037,-0.24185098657593426,inflammatory
GSE58993,0.021524691990116633,-0.2423619660434627,inflammatory
GSE77846,0.021522995296318077,-0.24247569162941873,"changes,genomic,normal"
GSE102903,0.021520795464483614,-0.24262315477915708,"inflammatory,stem"
GSE65747,0.021518952812793667,-0.24274668637788613,"genomic,stem,wildtype"
GSE73447,0.021518698714265243,-0.2427637220047781,"alternative,normal"
GSE67052,0.021517564727174577,-0.24283975079639195,failure
GSE88706,0.02151699030473974,-0.24287826479508676,wildtype
GSE86400,0.021516719438029963,-0.24289642628110672,affected
GSE78273,0.021516183322636957,-0.24293237324118871,wildtype
GSE78270,0.021516183322636957,-0.24293237324118871,wildtype
GSE78274,0.021516183322636957,-0.24293237324118871,wildtype
GSE78272,0.021516183322636957,-0.24293237324118871,wildtype
GSE68083,0.021514569278262577,-0.24304060159765659,affected
GSE108106,0.02151440543947506,-0.24305158812047312,affected
GSE87104,0.021514021628902,-0.24307732559907208,affected
GSE76752,0.021513199163124344,-0.24313247986081749,wildtype
GSE63679,0.02150668439442815,-0.24356943244111956,"sarcomas,soft"
GSE22001,0.021504671227323437,-0.24370448450625865,"changes,wildtype"
GSE48480,0.021503823707721803,-0.24376134361413201,"affected,changes"
GSE100406,0.021502742381691302,-0.24383389177800413,"genomic,normal,stem,wildtype"
GSE83264,0.021502336457845012,-0.24386112690166115,wildtype
GSE76988,0.02149781953272488,-0.24416422094142604,wildtype
GSE47735,0.02149655068379686,-0.2442493745114124,"changes,inflammatory"
GSE79087,0.021494128225904154,-0.24441196175501498,"affected,inflammatory"
GSE96870,0.021486275430225188,-0.24493914105281137,"changes,cns"
GSE68713,0.02148457557928684,-0.24505328198614962,"changes,wildtype"
GSE101986,0.021479712151670466,-0.24537989943074778,"alternative,splicing"
GSE87127,0.02147526050675639,-0.24567892725764928,wildtype
GSE93325,0.0214718835024369,-0.245905810209111,wildtype
GSE68628,0.02147122176240587,-0.24595027318193566,glutamate
GSE81716,0.021463086751135688,-0.24649698470304088,splicing
GSE73881,0.021462824433560544,-0.24651461714248626,wildtype
GSE67556,0.021461158134735304,-0.2466266273013385,"changes,genomic,normal"
GSE70895,0.021456798583479268,-0.2469197215434763,"alternative,changes,splicing"
GSE92301,0.021448171499223907,-0.24749989916934523,normal
GSE42350,0.02144597160472759,-0.24764788099872498,wildtype
GSE98142,0.02144424379496831,-0.2477641174199892,"changes,cns,inflammatory"
GSE86922,0.021443510788390553,-0.24781343242680398,inflammatory
GSE73836,0.021442110675889702,-0.24790763348036982,"changes,inflammatory"
GSE84252,0.021441527686312682,-0.24794685945110517,wildtype
GSE103435,0.021439635198641477,-0.24807420126724428,glutamate
GSE64359,0.021437238199097694,-0.2482355068422265,"changes,wildtype"
GSE26248,0.021436649527084174,-0.24827512415895278,"alternative,splicing"
GSE84919,0.021436565945190205,-0.24828074926463287,inflammatory
GSE77586,0.0214337881403743,-0.24846770947634794,"failure,genomic"
GSE76190,0.021432789055923517,-0.24853495880097862,inflammatory
GSE81055,0.02143228131338939,-0.2485691366352739,"changes,wildtype"
GSE43617,0.02143137889847751,-0.24862988317497434,body
GSE62001,0.021430078256579232,-0.24871744107625632,"alternative,polyadenylation,splicing"
GSE68315,0.021427078463841558,-0.248919404362885,wildtype
GSE57575,0.02142445820232908,-0.24909583856285503,"changes,genomic,normal,wildtype"
GSE62122,0.021423832359990347,-0.24913798258431707,"affected,changes"
GSE90932,0.021423800778628186,-0.2491401092957005,"cns,inflammatory"
GSE98468,0.021422769570140558,-0.24920955333098277,normal
GSE74583,0.02142260457419964,-0.2492206648607794,"changes,wildtype"
GSE44591,0.021421930740003235,-0.24926604461558305,"affected,splicing"
GSE68376,0.021421236474436656,-0.24931280182590024,cns
GSE99771,0.021419015071801103,-0.24946241843426892,normal
GSE91081,0.021418068552676615,-0.24952617340223998,"changes,normal"
GSE80682,0.021414004207900263,-0.24979996870062213,"affected,genomic"
GSE94388,0.02141216884312941,-0.24992362540240595,normal
GSE94387,0.02141024520214984,-0.2500532410425054,normal
GSE97618,0.021410039412592743,-0.25006710790846215,"inflammatory,wildtype"
GSE94324,0.02140758600236565,-0.2502324380844104,"dux4,stem"
GSE52974,0.02139566361117832,-0.2510361329085941,normal
GSE65524,0.02139537942810951,-0.2510552953068422,"changes,wildtype"
GSE78514,0.021392923657452323,-0.2512208979550934,inflammatory
GSE38144,0.021391215972449938,-0.2513360653375375,"body,wildtype"
GSE93796,0.02138820079116625,-0.2515394335656084,wildtype
GSE66380,0.021388142706957235,-0.25154335151620655,"affected,stem"
GSE86187,0.02138696740316815,-0.2516226314967425,wildtype
GSE85874,0.02138674319899801,-0.2516377556578152,wildtype
GSE103949,0.021384511506512095,-0.2517883077848131,wildtype
GSE72321,0.021381519986069106,-0.25199014328669284,"changes,wildtype"
GSE104990,0.021380508769434745,-0.25205837565388356,"changes,wildtype"
GSE63804,0.02138020594407883,-0.25207880957984424,"failure,stem"
GSE93127,0.021379332575405977,-0.2521377440163229,genomic
GSE66312,0.02137740123851952,-0.2522680781135154,ventricles
GSE53244,0.021376999072546844,-0.2522952193130267,normal
GSE67541,0.021373799639537994,-0.252511159425642,"affected,body"
GSE101748,0.021372706150764545,-0.25258496994193563,"normal,wildtype"
GSE55228,0.0213718615631066,-0.2526419822123149,"changes,wildtype"
GSE95663,0.02137143860195022,-0.2526705342408416,"alternative,body,splicing"
GSE100827,0.021370400012918123,-0.2527406466784427,wildtype
GSE73536,0.021368697430919074,-0.2528555909217675,"alternative,splicing"
GSE85936,0.021367879284778596,-0.2529108286347733,"alternative,changes,splicing"
GSE65950,0.021367040237617027,-0.2529674796916959,"alternative,changes,splicing"
GSE66366,0.021366455926868328,-0.2530069326873644,"genomic,wildtype"
GSE85798,0.02136499710372531,-0.25310543796932966,"genomic,splicing"
GSE40436,0.02136298968019064,-0.25324099783060805,wildtype
GSE51685,0.021362336989308464,-0.25328507631858793,"changes,n3,wildtype"
GSE70497,0.021360113494763022,-0.2534352467568799,normal
GSE70588,0.021358459148827894,-0.25354698816255056,"changes,glutamate,splicing"
GSE99363,0.021358332440394326,-0.25355554693402876,"affected,wildtype"
GSE89603,0.021358312012619354,-0.2535569267732003,normal
GSE102659,0.02135656342072188,-0.2536750441660215,alternative
GSE84857,0.02135565626086822,-0.2537363266295471,"affected,changes,inflammatory"
GSE60243,0.0213544549625183,-0.25381748339186266,"changes,normal"
GSE98041,0.021352531839548976,-0.25394741435541185,normal
GSE83876,0.02135052317633643,-0.2540831371254391,polyadenylation
GSE53053,0.021347475498434087,-0.254289089157847,"changes,inflammatory"
GSE83550,0.02134322115167809,-0.2545766330711133,inflammatory
GSE76093,0.021342736726367387,-0.25460937817176,"stem,wildtype"
GSE78730,0.02134231002624097,-0.25463822190993907,"body,normal,splicing,wildtype"
GSE102623,0.02134151729969472,-0.25469180954389015,"changes,wildtype"
GSE39113,0.021340046963026233,-0.2547912083104324,inflammatory
GSE102624,0.0213382641385936,-0.2549117412885584,"changes,wildtype"
GSE58116,0.021337667334296696,-0.2549520922109573,sarcoma
GSE62710,0.021337412992731807,-0.254969289006443,cns
GSE63418,0.02133636805902685,-0.25503994225709686,wildtype
GSE80669,0.02133631519770073,-0.25504351657055613,failure
GSE44698,0.021335982991590317,-0.25506597948576765,alternative
GSE85019,0.02133190938622149,-0.2553414545539975,wildtype
GSE35681,0.021331241858303592,-0.2553866007370051,wildtype
GSE106259,0.02132590957557457,-0.25574728388772,"changes,wildtype"
GSE106700,0.021320271321682426,-0.25612876146933333,"alternative,changes"
GSE65207,0.02131805763241006,-0.2562785646448574,normal
GSE53075,0.021313673265420656,-0.2565753062690953,normal
GSE75105,0.021312305428239163,-0.2566678963739862,"cns,genomic"
GSE96766,0.02131090041067038,-0.2567630094392606,"changes,inflammatory"
GSE62621,0.021307308759529,-0.2570061757948363,"normal,stem"
GSE74900,0.02130716642851723,-0.25701581290729336,wildtype
GSE77885,0.021305774673082135,-0.2571100508835114,inflammatory
GSE100225,0.021301963892351394,-0.25736811642098995,genomic
GSE56122,0.021301722093117644,-0.25738449258879587,"alternative,inflammatory"
GSE92770,0.021299648077435392,-0.25752496563601923,splicing
GSE54651,0.021298804491796653,-0.25758210559037586,"body,genomic"
GSE69170,0.021297580280483706,-0.2576650311062437,normal
GSE102415,0.021297359875161112,-0.2576799614085159,"body,inflammatory"
GSE65506,0.021296837339368973,-0.25771535870886875,"changes,normal"
GSE60425,0.02129498368909425,-0.2578409345586914,genomic
GSE53105,0.021293934109357607,-0.25791204336162216,wildtype
GSE89801,0.021291054760506446,-0.25810713662923257,"alternative,normal,splicing"
GSE44553,0.021289616659592368,-0.25820458652791356,icm
GSE68470,0.02128952263795936,-0.25821095793635035,affected
GSE54952,0.02128779130777615,-0.2583282871541597,"body,genomic"
GSE103194,0.021287184694885525,-0.2583693985060038,"changes,wildtype"
GSE71234,0.021284698256624858,-0.2585379215735085,normal
GSE71233,0.021284698256624858,-0.2585379215735085,normal
GSE87027,0.021284396538623865,-0.258558372422458,"changes,inflammatory"
GSE71229,0.021283573872208868,-0.25861413532333943,normal
GSE72574,0.021282328843659607,-0.2586985313492518,"alternative,polyadenylation"
GSE80160,0.02128215285187333,-0.2587104616003525,inflammatory
GSE65929,0.021282146455794376,-0.2587108951839678,wildtype
GSE77720,0.021281529498186163,-0.25875271871832756,normal
GSE78247,0.021280987395129788,-0.25878946886602616,normal
GSE65267,0.02127988292166467,-0.2588643460186508,biomarkers
GSE75544,0.021278672576128487,-0.25894640517140455,"changes,normal"
GSE96738,0.021278216265181213,-0.2589773434076658,"affected,changes"
GSE78105,0.021274224412491414,-0.25924802241007855,genomic
GSE45914,0.021272092062271746,-0.2593926333350573,inflammatory
GSE41876,0.021270465263153276,-0.25950296873421674,normal
GSE93431,0.02126957668783944,-0.25956323868883463,"changes,normal"
GSE79551,0.021268184634805048,-0.2596576634045529,"alternative,splicing"
GSE79543,0.021267753711455548,-0.2596868947323909,"changes,cns"
GSE87450,0.021265192340305016,-0.2598606554428161,"affected,normal"
GSE47536,0.021263090046520265,-0.26000328846959264,normal
GSE31530,0.021261429576949112,-0.26011595529044224,"changes,genomic"
GSE29362,0.021261403650579516,-0.26011771452622245,"genomic,polyadenylation"
GSE85519,0.02125596738943967,-0.26048663983079,"changes,wildtype"
GSE93252,0.02125419637479551,-0.26060684797960443,wildtype
GSE85329,0.021251912762828905,-0.26076186361051235,"changes,normal"
GSE67991,0.021246053496923215,-0.2611596771843329,wildtype
GSE85967,0.02124533836402656,-0.2612082384876223,"alternative,inflammatory"
GSE57745,0.021244466596866685,-0.261267438296127,wildtype
GSE101957,0.021242066588675702,-0.2614304301742256,normal
GSE98666,0.02124153585986214,-0.2614664760735041,wildtype
GSE64459,0.021241324788223947,-0.261480811831551,genomic
GSE52023,0.021241275020315385,-0.26148419203498485,"biomarkers,changes"
GSE98359,0.02123910182710657,-0.261631801604422,splicing
GSE81237,0.021236977780952182,-0.2617760875594528,"changes,inflammatory,wildtype"
GSE63206,0.021233799564398925,-0.26199201001509953,"normal,stem,wildtype"
GSE99049,0.021231178664144878,-0.2621700936954269,normal
GSE90821,0.02123085393073054,-0.26219216005720275,"alternative,splicing,stem"
GSE59725,0.021229685906411548,-0.2622715327123564,"changes,cns,inflammatory"
GSE99971,0.02122790759681516,-0.2623923854609787,"changes,stem,wildtype"
GSE79352,0.02122681367437243,-0.26246673273903587,"alternative,cns,splicing"
GSE58917,0.02122677223616091,-0.26246954911842896,wildtype
GSE41658,0.021224802773528843,-0.2626034114768405,"changes,normal,stem"
GSE103246,0.021223908362228133,-0.2626642077985056,"alternative,splicing,stem"
GSE46433,0.021221161704968315,-0.2628509238909525,"polyadenylation,stem"
GSE76183,0.021221040328015604,-0.26285917558004346,wildtype
GSE97954,0.021219760637334096,-0.2629461769258546,"changes,genomic,icm,stem"
GSE73711,0.02121871808362371,-0.2630170601013816,"changes,genomic"
GSE99974,0.021217596501348867,-0.26309332031398797,"changes,stem,wildtype"
GSE99973,0.021217596501348867,-0.26309332031398797,"changes,stem,wildtype"
GSE56170,0.02121685811913547,-0.2631435276451382,"stem,wildtype"
GSE99970,0.021216627908231072,-0.2631591815148166,"changes,stem,wildtype"
GSE99972,0.02121541537454693,-0.26324163412365476,"changes,stem,wildtype"
GSE100690,0.021214828255897693,-0.26328156003928693,normal
GSE109345,0.02121482687043405,-0.2632816542564811,biomarkers
GSE50708,0.021214376989054318,-0.26331224835566347,normal
GSE61288,0.02121368996475915,-0.26335897056644786,"stem,ventricles"
GSE77847,0.021213207400384685,-0.2633917890506273,"changes,genomic,normal"
GSE104138,0.02121286762010506,-0.2634148974491383,"normal,stem"
GSE98690,0.02120980956613456,-0.26362289183319315,body
GSE49109,0.021209158517492256,-0.2636671769579916,inflammatory
GSE44366,0.021207335642915746,-0.2637911783477984,twin
GSE79020,0.021206406944415165,-0.2638543573383685,splicing
GSE100732,0.02120532444588978,-0.263928002775774,polyadenylation
GSE46363,0.02120525773731498,-0.2639325412718329,"alternative,genomic,splicing"
GSE72184,0.02120345092410979,-0.2640554726477128,"affected,wildtype"
GSE74018,0.021203232699221735,-0.26407032087147847,"normal,stem"
GSE57415,0.021201339888756134,-0.2641991158625475,genomic
GSE106550,0.021201303907335742,-0.26420156430500846,wildtype
GSE41538,0.021198401385295763,-0.2643990871005463,"cardiomyocytes,changes"
GSE94054,0.02119749741250026,-0.26446060989432363,"alternative,inflammatory,polyadenylation"
GSE85553,0.021197424256459593,-0.26446558888015137,"body,splicing"
GSE69616,0.021196495109907995,-0.2645288279079412,"body,genomic"
GSE63348,0.021196074392067592,-0.26455746347068787,"changes,normal,wildtype"
GSE60402,0.0211958104029914,-0.2645754318027361,"cns,wildtype"
GSE49669,0.021194833681325305,-0.2646419139963754,genomic
GSE95251,0.021194801167665152,-0.2646441271457188,genomic
GSE43718,0.021194412805015012,-0.26467056259082045,normal
GSE68160,0.021193908063101185,-0.264704920576281,genomic
GSE95411,0.02119349931621169,-0.2647327447413776,"changes,genomic"
GSE56276,0.021191739055925175,-0.26485257508255405,"body,genomic,normal"
GSE21699,0.021191289308858482,-0.264883193369535,genomic
GSE39918,0.021189469042796793,-0.2650071217240076,wildtype
GSE65973,0.021188481304080884,-0.26507437395002287,"alternative,changes,splicing"
GSE101767,0.021188054985283023,-0.26510340171252483,"affected,changes"
GSE95074,0.02118576959547668,-0.26525902233803744,"alternative,body,splicing,stem"
GSE48048,0.02118495219283057,-0.2653146863765206,"changes,n3,normal"
GSE49313,0.021182081001551913,-0.2655102277261591,genomic
GSE73272,0.021180211552001598,-0.2656375600981629,wildtype
GSE75615,0.02117915196592213,-0.26570973585604074,normal
GSE77652,0.02117506381978019,-0.26598824169421115,"changes,wildtype"
GSE98724,0.021174584794527943,-0.26602087891215825,"changes,genomic"
GSE117470,0.02117427039468563,-0.26604230018040015,normal
GSE55831,0.021171786161295735,-0.26621157172479454,normal
GSE61613,0.021168131167431024,-0.2664606530583861,genomic
GSE63961,0.021164809716511496,-0.26668704133569143,"changes,wildtype"
GSE81875,0.021164522131179666,-0.2667066446657681,polyadenylation
GSE81282,0.02116402873126955,-0.26674027802145983,wildtype
GSE73289,0.021163348749641906,-0.26678663128880425,"changes,left"
GSE80288,0.02116256990341609,-0.2668397258286741,wildtype
GSE109152,0.021156052230944453,-0.2672841171322218,normal
GSE62125,0.021155998783892446,-0.2672877618525808,"changes,normal"
GSE78996,0.021155863497115596,-0.26729698751893244,"changes,genomic"
GSE52069,0.02115540738869058,-0.267328091541531,normal
GSE45568,0.02115415554994406,-0.26741346333110694,"changes,wildtype"
GSE84534,0.021153584768435704,-0.2674523906595527,alternative
GSE81789,0.02115338060742971,-0.26746631470578364,glutamate
GSE47062,0.021152947071397924,-0.26749588287288506,"affected,wildtype"
GSE102890,0.021151120653163092,-0.2676204555049436,genomic
GSE74254,0.02115094294608973,-0.26763257676294677,"genomic,stem"
GSE92618,0.021150941790216052,-0.2676326556045035,"genomic,inflammatory,stem"
GSE97571,0.021149097797255954,-0.26775843891471296,"inflammatory,normal,wildtype"
GSE45376,0.021147674095332962,-0.26785556063880084,"changes,normal,splicing"
GSE95688,0.021145866568613374,-0.2679788754426822,"changes,wildtype"
GSE56636,0.021145474630860413,-0.2680056159827792,"changes,genomic"
GSE99516,0.021144641670452383,-0.26806244759995956,normal
GSE103574,0.021144270408236854,-0.26808777897553304,normal
GSE83251,0.021143975418711516,-0.2681079065507968,"body,stem"
GSE42398,0.021143094103125013,-0.2681680417004143,"alternative,polyadenylation"
GSE60756,0.021142594727228483,-0.2682021169229977,body
GSE84164,0.021142523662053558,-0.2682069661644969,"genomic,tetraploid,icm,stem"
GSE71916,0.02114203851455693,-0.26824007138548,"changes,splicing"
GSE63748,0.021141740716586824,-0.2682603927315129,"alternative,changes,splicing"
GSE103685,0.02114062098408266,-0.2683368043824367,"genomic,stem"
GSE65337,0.02113975145582234,-0.26839614464066364,"changes,stem,wildtype"
GSE70116,0.02113781900220318,-0.2685280321273307,alternative
GSE63820,0.021137169710326205,-0.26857234817327685,"normal,stem"
GSE83931,0.021137051093601696,-0.2685804442543854,"body,changes"
GSE62571,0.021135069855455994,-0.268715678654058,splicing
GSE48387,0.021134741894296715,-0.26873806569192354,inflammatory
GSE79252,0.021133878333389526,-0.26879701509844633,cns
GSE89454,0.02113182109711075,-0.26893745827670507,body
GSE61444,0.02113137241403099,-0.2689680907396284,"alternative,splicing"
GSE38198,0.021128666336465252,-0.26915285368850944,genomic
GSE65808,0.021126781243750597,-0.269281576211573,genomic
GSE85423,0.021124857254301153,-0.2694129666209405,"body,changes"
GSE81489,0.02112209029119418,-0.26960194519527003,"genomic,splicing,wildtype"
GSE92761,0.02112187771107879,-0.26961646505657905,alternative
GSE71079,0.021119937542955127,-0.2697489911289382,"alternative,splicing,stem"
GSE71075,0.02111947984854696,-0.26978025640169573,"alternative,splicing,stem"
GSE70985,0.02111947984854696,-0.26978025640169573,"alternative,splicing,stem"
GSE92967,0.02111939398757832,-0.26978612167140614,"inflammatory,stem"
GSE43660,0.021119292032369317,-0.2697930863896909,inflammatory
GSE39866,0.021119217181575844,-0.2697981995847616,"alternative,changes,splicing"
GSE43366,0.021118982184311547,-0.269814252796921,splicing
GSE60875,0.0211176388418185,-0.26990602309040096,"genomic,wildtype"
GSE69952,0.021117574958073353,-0.26991038744677703,"changes,wildtype"
GSE37909,0.0211174416567474,-0.2699194942580113,genomic
GSE72700,0.021116494314279068,-0.26998421596816663,"changes,genomic"
GSE73216,0.021116316126277082,-0.26999638996009995,"genomic,normal,stem"
GSE79702,0.02111625334546138,-0.27000067923601234,inflammatory
GSE58510,0.021115105832611673,-0.27007908121644847,wildtype
GSE58089,0.021113719925100187,-0.27017377681163934,body
GSE43575,0.021113284711036507,-0.2702035151829413,genomic
GSE90652,0.02111276019730046,-0.27023935625532003,wildtype
GSE86623,0.021112382272246596,-0.2702651811818525,affected
GSE35599,0.02111037430323206,-0.2704024004056395,"body,genomic"
GSE44733,0.021109649751455305,-0.2704519175377915,"genomic,normal,wildtype"
GSE95168,0.021108381931365116,-0.270538566663035,wildtype
GSE56872,0.021108317931462926,-0.2705429408723789,genomic
GSE62684,0.021107763947214805,-0.2705808046575516,"genomic,stem"
GSE100457,0.021107443934685857,-0.27060267736701854,alternative
GSE106612,0.021106690917591295,-0.27065414704805996,genomic
GSE105051,0.02110370876133675,-0.2708579992778171,"body,changes"
GSE74157,0.0211031301072315,-0.2708975578626564,body
GSE93824,0.02110309053395935,-0.27090026325359695,"inflammatory,wildtype"
GSE40918,0.021103063347188793,-0.27090212185550466,inflammatory
GSE100599,0.021102913953437715,-0.27091233508299545,genomic
GSE54458,0.021101787427604945,-0.2709893517744813,cns
GSE103714,0.02110131256353791,-0.2710218178272016,genomic
GSE64489,0.021099922026800087,-0.2711168918446341,genomic
GSE65582,0.021099484658057322,-0.2711467969909771,genomic
GSE94559,0.021098551664577532,-0.27121059261674524,wildtype
GSE64840,0.021097199200054328,-0.2713030755716064,"genomic,monozygotic"
GSE42237,0.021096982289511148,-0.2713179086956969,"genomic,stem"
GSE56096,0.021096231653496677,-0.27136924106668736,genomic
GSE65713,0.0210945874046231,-0.27148168968702957,genomic
GSE85976,0.02109391632810346,-0.27152758649214787,wildtype
GSE84861,0.021093823353837436,-0.27153394537809594,wildtype
GSE89960,0.021093137988587373,-0.27158082114331283,cns
GSE101657,0.02109196087876563,-0.27166133348290417,"body,changes"
GSE40478,0.02109134510660354,-0.2717034530571707,"body,changes"
GSE58239,0.021090162578768498,-0.27178434286587555,genomic
GSE39605,0.021084383780467012,-0.2721797018880217,genomic
GSE77115,0.02108388996712068,-0.2722134913701416,"genomic,stem"
GSE87586,0.021083398148098537,-0.27224714517601867,normal
GSE29690,0.021083121236866374,-0.2722660937858276,genomic
GSE79014,0.02108238066959932,-0.27231677088798095,cns
GSE72724,0.021082060215899267,-0.2723387001228625,genomic
GSE69376,0.02108170422574477,-0.27236306157337864,inflammatory
GSE92605,0.021080922493200368,-0.2724165592680435,genomic
GSE78962,0.021079288108021364,-0.2725284144680155,genomic
GSE72671,0.021077438662752884,-0.2726549985613893,normal
GSE41545,0.021076249767422176,-0.27273637760374975,"genomic,stem"
GSE79180,0.02107611829793176,-0.2727453768790245,genomic
GSE79519,0.021075926937491076,-0.2727584758761079,genomic
GSE70148,0.021075301469708284,-0.27280129120095786,genomic
GSE58242,0.021074450987987006,-0.2728595115078529,"genomic,stem"
GSE77645,0.02107166041154272,-0.27305055882726575,genomic
GSE97181,0.02106898857389246,-0.27323350080970094,normal
GSE106488,0.021067046958705433,-0.2733664586719306,changes
GSE101391,0.021063095318893277,-0.2736370967884379,changes
GSE49023,0.02106309423478078,-0.27363717104360996,normal
GSE72811,0.021062066170482965,-0.27370758897200215,"stem,wildtype"
GSE46340,0.02106196247940998,-0.2737146915498691,changes
GSE82068,0.02106081692151717,-0.27379316171327805,"glutamate,wildtype"
GSE94659,0.02105999633576405,-0.2738493740655692,alternative
GSE75984,0.021059425812024298,-0.27388845778173276,changes
GSE98356,0.02105751915011859,-0.27401908129587266,changes
GSE85450,0.021055571715476694,-0.27415251031970234,stem
GSE79199,0.021055336228009872,-0.274168645645069,changes
GSE98844,0.021055219813279173,-0.2741766223127008,changes
GSE79996,0.021054723185181232,-0.2742106514679588,"changes,genomic,normal"
GSE79993,0.021054691077427582,-0.27421285153166314,changes
GSE80465,0.021054529974212133,-0.27422389057746815,changes
GSE74746,0.021054409213295426,-0.27423216536087647,changes
GSE83961,0.021053782875448592,-0.27427508406437767,"genomic,normal"
GSE39652,0.021053049954457687,-0.2743253078123057,body
GSE57809,0.021052214658315197,-0.2743825489964515,changes
GSE89272,0.021052182662982546,-0.2743847416181578,changes
GSE87565,0.021049289986151343,-0.27458298886526084,changes
GSE88818,0.021049289986151343,-0.27458298886526084,changes
GSE75074,0.021048157375523062,-0.2746606188328471,changes
GSE73271,0.021048042358353936,-0.2746685024280676,changes
GSE19066,0.02104774237166053,-0.27468906454932007,cardiomyocytes
GSE70437,0.021047422136576358,-0.27471101488842714,changes
GSE58384,0.021045920152122036,-0.2748139720501464,changes
GSE72293,0.02104535028551557,-0.27485303685948187,changes
GSE70883,0.0210449713901583,-0.2748790110231947,"alternative,splicing,stem"
GSE84786,0.0210443617069924,-0.2749208072131219,normal
GSE50856,0.021043883475474697,-0.2749535927206206,changes
GSE32110,0.021043796273079635,-0.27495957102418406,changes
GSE93729,0.021043487090796488,-0.274980767723566,changes
GSE73693,0.02104321608161246,-0.2749993476348619,changes
GSE64080,0.021043051572974814,-0.27501062617339445,changes
GSE78146,0.02104281771910163,-0.2750266590998286,changes
GSE77547,0.021042610799322778,-0.27504084558428754,changes
GSE86318,0.021042536577010024,-0.275045934323152,changes
GSE97891,0.02104248120748715,-0.2750497305119276,changes
GSE61915,0.021042408144651643,-0.2750547397868517,changes
GSE103377,0.021042218906972558,-0.27506771422812853,changes
GSE100039,0.021041923770273568,-0.27508794951034826,changes
GSE87299,0.021041888502780902,-0.2750903675534877,changes
GSE101596,0.02104181948005597,-0.2750950999664683,changes
GSE81097,0.02104171307005238,-0.27510239579812396,changes
GSE63078,0.021041670284482297,-0.2751053293326861,changes
GSE81803,0.021041375321780336,-0.2751255532124574,changes
GSE86261,0.02104092258445027,-0.2751565953338925,changes
GSE78728,0.021040418000208692,-0.27519119314722046,changes
GSE69652,0.02104041542998882,-0.27519136938153715,changes
GSE26337,0.02103998322048454,-0.275221005341674,changes
GSE100244,0.021039897807598767,-0.27522686204771585,changes
GSE59318,0.021039293782454796,-0.27526828033770245,changes
GSE89018,0.02103898520409721,-0.27528944016062984,changes
GSE89572,0.021038844385923502,-0.275299096441995,changes
GSE105045,0.02103880748412747,-0.2753016269082055,changes
GSE75477,0.021038365592323624,-0.27533192909190407,changes
GSE83688,0.021038343158928323,-0.275333467451206,changes
GSE74094,0.021038189615123565,-0.2753439966878649,normal
GSE56786,0.02103769525424504,-0.27537789791133804,changes
GSE58797,0.021037634477525758,-0.2753820657822529,changes
GSE81466,0.021037434375724327,-0.27539578820194055,changes
GSE75470,0.021037307703195677,-0.2754044751157455,changes
GSE72129,0.021037254199309897,-0.27540814430621097,changes
GSE86840,0.02103722316235144,-0.2754102727635969,changes
GSE63810,0.021037154879394143,-0.275414955493964,changes
GSE60968,0.021036816491396614,-0.27543816179800595,changes
GSE98479,0.021036778493697783,-0.2754407676647825,changes
GSE102808,0.021036552322065916,-0.2754562785209645,changes
GSE92486,0.02103630478978977,-0.27547325448179866,changes
GSE60050,0.021035537092396084,-0.27552590505155505,changes
GSE96627,0.021035321826628435,-0.2755406688506997,changes
GSE56690,0.02103508954187965,-0.275556600050051,"genomic,wildtype"
GSE55377,0.021034900591910106,-0.27556955927267834,changes
GSE99250,0.021034899640030514,-0.2755696245580831,changes
GSE55376,0.02103483484950173,-0.2755740682740088,changes
GSE95740,0.021034718053666454,-0.2755820788546175,changes
GSE64371,0.02103453168365273,-0.2755948613547216,changes
GSE106210,0.02103445032296297,-0.2756004416496583,changes
GSE97439,0.02103436807166131,-0.27560608305103523,changes
GSE64370,0.021034026422933394,-0.27562951607867625,changes
GSE60545,0.021033940802071466,-0.2756353887081874,changes
GSE79824,0.021033814757307447,-0.2756440340068758,glutamate
GSE102992,0.021033732590639603,-0.2756496697737173,changes
GSE94814,0.02103367019173193,-0.2756539496954003,changes
GSE74973,0.021032968559279167,-0.2757020753213252,changes
GSE74893,0.021032662017704363,-0.27572310179846266,cns
GSE65361,0.02103250967716967,-0.2757335513425904,changes
GSE96093,0.021032481775088804,-0.27573546524735076,changes
GSE36005,0.021032450501831636,-0.27573761039631867,changes
GSE100990,0.02103238562074898,-0.2757420608411472,"inflammatory,stem"
GSE84548,0.021032363347010634,-0.27574358868632143,"changes,normal,stem"
GSE84545,0.021032363347010634,-0.27574358868632143,"changes,normal,stem"
GSE84547,0.021032360159207522,-0.27574380735067267,"changes,normal,stem"
GSE98027,0.021032178162222758,-0.2757562913173513,changes
GSE93132,0.021032130721434967,-0.27575954550557397,changes
GSE74855,0.021032128706913338,-0.27575968369131204,changes
GSE81115,0.02103198836102421,-0.2757693107241546,changes
GSE81117,0.02103198836102421,-0.2757693107241546,changes
GSE65543,0.021031370025268017,-0.27581172625935424,changes
GSE90024,0.021031273361542303,-0.2758183571444578,changes
GSE63772,0.021031113509422026,-0.2758293226591781,changes
GSE87366,0.021030549581956454,-0.27586800754694774,changes
GSE62633,0.021030459660000847,-0.2758741762034665,changes
GSE76458,0.021030333493961502,-0.2758828312527722,"body,changes,cns"
GSE78151,0.02103032835666943,-0.27588318367451115,"body,changes,cns"
GSE86338,0.021030156467497448,-0.27589497543854036,changes
GSE66345,0.02103000651480052,-0.2759052624178049,changes
GSE72312,0.021029917597624553,-0.27591136230369495,changes
GSE87354,0.021029750419455512,-0.2759228311110723,changes
GSE90961,0.021029699057499594,-0.2759263546778338,changes
GSE95533,0.021029383656964707,-0.27594799218194543,changes
GSE83373,0.021029380775796427,-0.2759481898409707,changes
GSE66377,0.02102933983399144,-0.2759509986063427,changes
GSE85512,0.02102904632713643,-0.27597113446617216,changes
GSE61887,0.021029040900195254,-0.2759715067808274,changes
GSE60731,0.021028953663206416,-0.27597749167727736,changes
GSE76288,0.021028953456499654,-0.2759775058584311,changes
GSE84175,0.021028934853589105,-0.2759787821149372,changes
GSE48965,0.021028753787369587,-0.2759912042591593,changes
GSE72607,0.02102867898458617,-0.2759963361750925,changes
GSE103492,0.021028493784305168,-0.27600904209464844,changes
GSE86396,0.021028260525480978,-0.27602504529577176,changes
GSE70304,0.021028178980577582,-0.27603063989337073,changes
GSE98901,0.02102816390652769,-0.27603167408966717,changes
GSE68812,0.021028145652638757,-0.2760329264484838,changes
GSE95111,0.021028057519167653,-0.2760389731056765,changes
GSE85929,0.021027952991516708,-0.2760461445668694,changes
GSE47954,0.021027770863937124,-0.27605864011001013,changes
GSE29752,0.021027724163999104,-0.2760618441511917,changes
GSE81283,0.021027624144645117,-0.2760687064139856,changes
GSE93061,0.0210273346851842,-0.2760885662231701,changes
GSE81741,0.021027046228152636,-0.2761083575276628,"biomarkers,changes"
GSE73611,0.021026715191382037,-0.27613107060212666,changes
GSE35724,0.021026689421711715,-0.27613283872415717,changes
GSE95859,0.02102637292462762,-0.2761545545635378,body
GSE72086,0.021026306041285685,-0.27615914367738753,changes
GSE36871,0.021026151633725638,-0.27616973820781326,changes
GSE36873,0.021026146747881256,-0.27617007344672906,changes
GSE36872,0.021026098292704788,-0.27617339817018816,changes
GSE90860,0.021022086630585378,-0.27644868258845784,
GSE83332,0.021022086630585378,-0.27644868258845784,
GSE61329,0.021022086630585378,-0.27644868258845784,
GSE97026,0.021022086630585378,-0.27644868258845784,
GSE97115,0.021022086630585378,-0.27644868258845784,
GSE97037,0.021022086630585378,-0.27644868258845784,
GSE21161,0.021022086630585378,-0.27644868258845784,
GSE48654,0.021022086630585378,-0.27644868258845784,
GSE89196,0.021022086630585378,-0.27644868258845784,
GSE61239,0.021022086630585378,-0.27644868258845784,
GSE90952,0.021022086630585378,-0.27644868258845784,
GSE61024,0.021022086630585378,-0.27644868258845784,
GSE90890,0.021022086630585378,-0.27644868258845784,
GSE90913,0.021022086630585378,-0.27644868258845784,
GSE72403,0.021022086630585378,-0.27644868258845784,
GSE82185,0.021022086630585378,-0.27644868258845784,
GSE62573,0.021022086630585378,-0.27644868258845784,
GSE47926,0.021022086630585378,-0.27644868258845784,
GSE71025,0.021022086630585378,-0.27644868258845784,
GSE70844,0.021022086630585378,-0.27644868258845784,
GSE70896,0.021022086630585378,-0.27644868258845784,
GSE70788,0.021022086630585378,-0.27644868258845784,
GSE71257,0.021022086630585378,-0.27644868258845784,
GSE97344,0.021022086630585378,-0.27644868258845784,
GSE83311,0.021022086630585378,-0.27644868258845784,
GSE83218,0.021022086630585378,-0.27644868258845784,
GSE47089,0.021022086630585378,-0.27644868258845784,
GSE47370,0.021022086630585378,-0.27644868258845784,
GSE102788,0.021022086630585378,-0.27644868258845784,
GSE102817,0.021022086630585378,-0.27644868258845784,
GSE102675,0.021022086630585378,-0.27644868258845784,
GSE48519,0.021022086630585378,-0.27644868258845784,
GSE83358,0.021022086630585378,-0.27644868258845784,
GSE90854,0.021022086630585378,-0.27644868258845784,
GSE90855,0.021022086630585378,-0.27644868258845784,
GSE109544,0.021022086630585378,-0.27644868258845784,
GSE90987,0.021022086630585378,-0.27644868258845784,
GSE90988,0.021022086630585378,-0.27644868258845784,
GSE71310,0.021022086630585378,-0.27644868258845784,
GSE71145,0.021022086630585378,-0.27644868258845784,
GSE70800,0.021022086630585378,-0.27644868258845784,
GSE82282,0.021022086630585378,-0.27644868258845784,
GSE90533,0.021022086630585378,-0.27644868258845784,
GSE90134,0.021022086630585378,-0.27644868258845784,
GSE83229,0.021022086630585378,-0.27644868258845784,
GSE90097,0.021022086630585378,-0.27644868258845784,
GSE88732,0.021022086630585378,-0.27644868258845784,
GSE87870,0.021022086630585378,-0.27644868258845784,
GSE87758,0.021022086630585378,-0.27644868258845784,
GSE72311,0.021022086630585378,-0.27644868258845784,
GSE106423,0.021022086630585378,-0.27644868258845784,
GSE106594,0.021022086630585378,-0.27644868258845784,
GSE93380,0.021022086630585378,-0.27644868258845784,
GSE93379,0.021022086630585378,-0.27644868258845784,
GSE84943,0.021022086630585378,-0.27644868258845784,
GSE85039,0.021022086630585378,-0.27644868258845784,
GSE84994,0.021022086630585378,-0.27644868258845784,
GSE43631,0.021022086630585378,-0.27644868258845784,
GSE94018,0.021022086630585378,-0.27644868258845784,
GSE81191,0.021022086630585378,-0.27644868258845784,
GSE81140,0.021022086630585378,-0.27644868258845784,
GSE72196,0.021022086630585378,-0.27644868258845784,
GSE71586,0.021022086630585378,-0.27644868258845784,
GSE71534,0.021022086630585378,-0.27644868258845784,
GSE72003,0.021022086630585378,-0.27644868258845784,
GSE70357,0.021022086630585378,-0.27644868258845784,
GSE61851,0.021022086630585378,-0.27644868258845784,
GSE61969,0.021022086630585378,-0.27644868258845784,
GSE72710,0.021022086630585378,-0.27644868258845784,
GSE74315,0.021022086630585378,-0.27644868258845784,
GSE74456,0.021022086630585378,-0.27644868258845784,
GSE74423,0.021022086630585378,-0.27644868258845784,
GSE74381,0.021022086630585378,-0.27644868258845784,
GSE74344,0.021022086630585378,-0.27644868258845784,
GSE74528,0.021022086630585378,-0.27644868258845784,
GSE73438,0.021022086630585378,-0.27644868258845784,
GSE60691,0.021022086630585378,-0.27644868258845784,
GSE72833,0.021022086630585378,-0.27644868258845784,
GSE72937,0.021022086630585378,-0.27644868258845784,
GSE72901,0.021022086630585378,-0.27644868258845784,
GSE73100,0.021022086630585378,-0.27644868258845784,
GSE71948,0.021022086630585378,-0.27644868258845784,
GSE72275,0.021022086630585378,-0.27644868258845784,
GSE72207,0.021022086630585378,-0.27644868258845784,
GSE47081,0.021022086630585378,-0.27644868258845784,
GSE47033,0.021022086630585378,-0.27644868258845784,
GSE46807,0.021022086630585378,-0.27644868258845784,
GSE97354,0.021022086630585378,-0.27644868258845784,
GSE70510,0.021022086630585378,-0.27644868258845784,
GSE70499,0.021022086630585378,-0.27644868258845784,
GSE62268,0.021022086630585378,-0.27644868258845784,
GSE62205,0.021022086630585378,-0.27644868258845784,
GSE81329,0.021022086630585378,-0.27644868258845784,
GSE81424,0.021022086630585378,-0.27644868258845784,
GSE81421,0.021022086630585378,-0.27644868258845784,
GSE81257,0.021022086630585378,-0.27644868258845784,
GSE48974,0.021022086630585378,-0.27644868258845784,
GSE106436,0.021022086630585378,-0.27644868258845784,
GSE94059,0.021022086630585378,-0.27644868258845784,
GSE93918,0.021022086630585378,-0.27644868258845784,
GSE106692,0.021022086630585378,-0.27644868258845784,
GSE96680,0.021022086630585378,-0.27644868258845784,
GSE103545,0.021022086630585378,-0.27644868258845784,
GSE61875,0.021022086630585378,-0.27644868258845784,
GSE106294,0.021022086630585378,-0.27644868258845784,
GSE48966,0.021022086630585378,-0.27644868258845784,
GSE93558,0.021022086630585378,-0.27644868258845784,
GSE81530,0.021022086630585378,-0.27644868258845784,
GSE81555,0.021022086630585378,-0.27644868258845784,
GSE81587,0.021022086630585378,-0.27644868258845784,
GSE81492,0.021022086630585378,-0.27644868258845784,
GSE81420,0.021022086630585378,-0.27644868258845784,
GSE48005,0.021022086630585378,-0.27644868258845784,
GSE81783,0.021022086630585378,-0.27644868258845784,
GSE93591,0.021022086630585378,-0.27644868258845784,
GSE55180,0.021022086630585378,-0.27644868258845784,
GSE55188,0.021022086630585378,-0.27644868258845784,
GSE55190,0.021022086630585378,-0.27644868258845784,
GSE77625,0.021022086630585378,-0.27644868258845784,
GSE66068,0.021022086630585378,-0.27644868258845784,
GSE66001,0.021022086630585378,-0.27644868258845784,
GSE66003,0.021022086630585378,-0.27644868258845784,
GSE97270,0.021022086630585378,-0.27644868258845784,
GSE100070,0.021022086630585378,-0.27644868258845784,
GSE100106,0.021022086630585378,-0.27644868258845784,
GSE100175,0.021022086630585378,-0.27644868258845784,
GSE89952,0.021022086630585378,-0.27644868258845784,
GSE99670,0.021022086630585378,-0.27644868258845784,
GSE99684,0.021022086630585378,-0.27644868258845784,
GSE100570,0.021022086630585378,-0.27644868258845784,
GSE100356,0.021022086630585378,-0.27644868258845784,
GSE100035,0.021022086630585378,-0.27644868258845784,
GSE34030,0.021022086630585378,-0.27644868258845784,
GSE33060,0.021022086630585378,-0.27644868258845784,
GSE84299,0.021022086630585378,-0.27644868258845784,
GSE84302,0.021022086630585378,-0.27644868258845784,
GSE84308,0.021022086630585378,-0.27644868258845784,
GSE55776,0.021022086630585378,-0.27644868258845784,
GSE55581,0.021022086630585378,-0.27644868258845784,
GSE55480,0.021022086630585378,-0.27644868258845784,
GSE77801,0.021022086630585378,-0.27644868258845784,
GSE77862,0.021022086630585378,-0.27644868258845784,
GSE77793,0.021022086630585378,-0.27644868258845784,
GSE77717,0.021022086630585378,-0.27644868258845784,
GSE98423,0.021022086630585378,-0.27644868258845784,
GSE100222,0.021022086630585378,-0.27644868258845784,
GSE55735,0.021022086630585378,-0.27644868258845784,
GSE55744,0.021022086630585378,-0.27644868258845784,
GSE55590,0.021022086630585378,-0.27644868258845784,
GSE45684,0.021022086630585378,-0.27644868258845784,
GSE68150,0.021022086630585378,-0.27644868258845784,
GSE67934,0.021022086630585378,-0.27644868258845784,
GSE63813,0.021022086630585378,-0.27644868258845784,
GSE68617,0.021022086630585378,-0.27644868258845784,
GSE68284,0.021022086630585378,-0.27644868258845784,
GSE100964,0.021022086630585378,-0.27644868258845784,
GSE90108,0.021022086630585378,-0.27644868258845784,
GSE100888,0.021022086630585378,-0.27644868258845784,
GSE29898,0.021022086630585378,-0.27644868258845784,
GSE28207,0.021022086630585378,-0.27644868258845784,
GSE67972,0.021022086630585378,-0.27644868258845784,
GSE67750,0.021022086630585378,-0.27644868258845784,
GSE67688,0.021022086630585378,-0.27644868258845784,
GSE64824,0.021022086630585378,-0.27644868258845784,
GSE68318,0.021022086630585378,-0.27644868258845784,
GSE100983,0.021022086630585378,-0.27644868258845784,
GSE99924,0.021022086630585378,-0.27644868258845784,
GSE101125,0.021022086630585378,-0.27644868258845784,
GSE83624,0.021022086630585378,-0.27644868258845784,
GSE83636,0.021022086630585378,-0.27644868258845784,
GSE46494,0.021022086630585378,-0.27644868258845784,
GSE46213,0.021022086630585378,-0.27644868258845784,
GSE84112,0.021022086630585378,-0.27644868258845784,
GSE46038,0.021022086630585378,-0.27644868258845784,
GSE83885,0.021022086630585378,-0.27644868258845784,
GSE101537,0.021022086630585378,-0.27644868258845784,
GSE99409,0.021022086630585378,-0.27644868258845784,
GSE99440,0.021022086630585378,-0.27644868258845784,
GSE99265,0.021022086630585378,-0.27644868258845784,
GSE99296,0.021022086630585378,-0.27644868258845784,
GSE99121,0.021022086630585378,-0.27644868258845784,
GSE45888,0.021022086630585378,-0.27644868258845784,
GSE84139,0.021022086630585378,-0.27644868258845784,
GSE63493,0.021022086630585378,-0.27644868258845784,
GSE69168,0.021022086630585378,-0.27644868258845784,
GSE69054,0.021022086630585378,-0.27644868258845784,
GSE89574,0.021022086630585378,-0.27644868258845784,
GSE89505,0.021022086630585378,-0.27644868258845784,
GSE97445,0.021022086630585378,-0.27644868258845784,
GSE97464,0.021022086630585378,-0.27644868258845784,
GSE33922,0.021022086630585378,-0.27644868258845784,
GSE97875,0.021022086630585378,-0.27644868258845784,
GSE97870,0.021022086630585378,-0.27644868258845784,
GSE98063,0.021022086630585378,-0.27644868258845784,
GSE97996,0.021022086630585378,-0.27644868258845784,
GSE69473,0.021022086630585378,-0.27644868258845784,
GSE62917,0.021022086630585378,-0.27644868258845784,
GSE70133,0.021022086630585378,-0.27644868258845784,
GSE63271,0.021022086630585378,-0.27644868258845784,
GSE64296,0.021022086630585378,-0.27644868258845784,
GSE102783,0.021022086630585378,-0.27644868258845784,
GSE44668,0.021022086630585378,-0.27644868258845784,
GSE84794,0.021022086630585378,-0.27644868258845784,
GSE84899,0.021022086630585378,-0.27644868258845784,
GSE84927,0.021022086630585378,-0.27644868258845784,
GSE48808,0.021022086630585378,-0.27644868258845784,
GSE70352,0.021022086630585378,-0.27644868258845784,
GSE63412,0.021022086630585378,-0.27644868258845784,
GSE97261,0.021022086630585378,-0.27644868258845784,
GSE60569,0.021022086630585378,-0.27644868258845784,
GSE97126,0.021022086630585378,-0.27644868258845784,
GSE97195,0.021022086630585378,-0.27644868258845784,
GSE102642,0.021022086630585378,-0.27644868258845784,
GSE102443,0.021022086630585378,-0.27644868258845784,
GSE98040,0.021022086630585378,-0.27644868258845784,
GSE102020,0.021022086630585378,-0.27644868258845784,
GSE70207,0.021022086630585378,-0.27644868258845784,
GSE93293,0.021022086630585378,-0.27644868258845784,
GSE93381,0.021022086630585378,-0.27644868258845784,
GSE93394,0.021022086630585378,-0.27644868258845784,
GSE93412,0.021022086630585378,-0.27644868258845784,
GSE93318,0.021022086630585378,-0.27644868258845784,
GSE93319,0.021022086630585378,-0.27644868258845784,
GSE44831,0.021022086630585378,-0.27644868258845784,
GSE63031,0.021022086630585378,-0.27644868258845784,
GSE84329,0.021022086630585378,-0.27644868258845784,
GSE83529,0.021022086630585378,-0.27644868258845784,
GSE92844,0.021022086630585378,-0.27644868258845784,
GSE107592,0.021022086630585378,-0.27644868258845784,
GSE107623,0.021022086630585378,-0.27644868258845784,
GSE107389,0.021022086630585378,-0.27644868258845784,
GSE89430,0.021022086630585378,-0.27644868258845784,
GSE89313,0.021022086630585378,-0.27644868258845784,
GSE44665,0.021022086630585378,-0.27644868258845784,
GSE63143,0.021022086630585378,-0.27644868258845784,
GSE63166,0.021022086630585378,-0.27644868258845784,
GSE62902,0.021022086630585378,-0.27644868258845784,
GSE102688,0.021022086630585378,-0.27644868258845784,
GSE69278,0.021022086630585378,-0.27644868258845784,
GSE63510,0.021022086630585378,-0.27644868258845784,
GSE63647,0.021022086630585378,-0.27644868258845784,
GSE89660,0.021022086630585378,-0.27644868258845784,
GSE69556,0.021022086630585378,-0.27644868258845784,
GSE69374,0.021022086630585378,-0.27644868258845784,
GSE84651,0.021022086630585378,-0.27644868258845784,
GSE45254,0.021022086630585378,-0.27644868258845784,
GSE32916,0.021022086630585378,-0.27644868258845784,
GSE89771,0.021022086630585378,-0.27644868258845784,
GSE89764,0.021022086630585378,-0.27644868258845784,
GSE89640,0.021022086630585378,-0.27644868258845784,
GSE69731,0.021022086630585378,-0.27644868258845784,
GSE76498,0.021022086630585378,-0.27644868258845784,
GSE76309,0.021022086630585378,-0.27644868258845784,
GSE76316,0.021022086630585378,-0.27644868258845784,
GSE57514,0.021022086630585378,-0.27644868258845784,
GSE57043,0.021022086630585378,-0.27644868258845784,
GSE76687,0.021022086630585378,-0.27644868258845784,
GSE95629,0.021022086630585378,-0.27644868258845784,
GSE103127,0.021022086630585378,-0.27644868258845784,
GSE104657,0.021022086630585378,-0.27644868258845784,
GSE57959,0.021022086630585378,-0.27644868258845784,
GSE57712,0.021022086630585378,-0.27644868258845784,
GSE57567,0.021022086630585378,-0.27644868258845784,
GSE95056,0.021022086630585378,-0.27644868258845784,
GSE95102,0.021022086630585378,-0.27644868258845784,
GSE104658,0.021022086630585378,-0.27644868258845784,
GSE104734,0.021022086630585378,-0.27644868258845784,
GSE95424,0.021022086630585378,-0.27644868258845784,
GSE56127,0.021022086630585378,-0.27644868258845784,
GSE76853,0.021022086630585378,-0.27644868258845784,
GSE54619,0.021022086630585378,-0.27644868258845784,
GSE54473,0.021022086630585378,-0.27644868258845784,
GSE85931,0.021022086630585378,-0.27644868258845784,
GSE85793,0.021022086630585378,-0.27644868258845784,
GSE40190,0.021022086630585378,-0.27644868258845784,
GSE57984,0.021022086630585378,-0.27644868258845784,
GSE86071,0.021022086630585378,-0.27644868258845784,
GSE56904,0.021022086630585378,-0.27644868258845784,
GSE56933,0.021022086630585378,-0.27644868258845784,
GSE76419,0.021022086630585378,-0.27644868258845784,
GSE86288,0.021022086630585378,-0.27644868258845784,
GSE86297,0.021022086630585378,-0.27644868258845784,
GSE86507,0.021022086630585378,-0.27644868258845784,
GSE75854,0.021022086630585378,-0.27644868258845784,
GSE40350,0.021022086630585378,-0.27644868258845784,
GSE77896,0.021022086630585378,-0.27644868258845784,
GSE54982,0.021022086630585378,-0.27644868258845784,
GSE55009,0.021022086630585378,-0.27644868258845784,
GSE55131,0.021022086630585378,-0.27644868258845784,
GSE54795,0.021022086630585378,-0.27644868258845784,
GSE78130,0.021022086630585378,-0.27644868258845784,
GSE78143,0.021022086630585378,-0.27644868258845784,
GSE104508,0.021022086630585378,-0.27644868258845784,
GSE39978,0.021022086630585378,-0.27644868258845784,
GSE108769,0.021022086630585378,-0.27644868258845784,
GSE108836,0.021022086630585378,-0.27644868258845784,
GSE108917,0.021022086630585378,-0.27644868258845784,
GSE109032,0.021022086630585378,-0.27644868258845784,
GSE108678,0.021022086630585378,-0.27644868258845784,
GSE92620,0.021022086630585378,-0.27644868258845784,
GSE108045,0.021022086630585378,-0.27644868258845784,
GSE86568,0.021022086630585378,-0.27644868258845784,
GSE104525,0.021022086630585378,-0.27644868258845784,
GSE104453,0.021022086630585378,-0.27644868258845784,
GSE104331,0.021022086630585378,-0.27644868258845784,
GSE87068,0.021022086630585378,-0.27644868258845784,
GSE86901,0.021022086630585378,-0.27644868258845784,
GSE86837,0.021022086630585378,-0.27644868258845784,
GSE37952,0.021022086630585378,-0.27644868258845784,
GSE92522,0.021022086630585378,-0.27644868258845784,
GSE58313,0.021022086630585378,-0.27644868258845784,
GSE78499,0.021022086630585378,-0.27644868258845784,
GSE54390,0.021022086630585378,-0.27644868258845784,
GSE53743,0.021022086630585378,-0.27644868258845784,
GSE53782,0.021022086630585378,-0.27644868258845784,
GSE78849,0.021022086630585378,-0.27644868258845784,
GSE78706,0.021022086630585378,-0.27644868258845784,
GSE39812,0.021022086630585378,-0.27644868258845784,
GSE87202,0.021022086630585378,-0.27644868258845784,
GSE98585,0.021022086630585378,-0.27644868258845784,
GSE98622,0.021022086630585378,-0.27644868258845784,
GSE65636,0.021022086630585378,-0.27644868258845784,
GSE65504,0.021022086630585378,-0.27644868258845784,
GSE66440,0.021022086630585378,-0.27644868258845784,
GSE66471,0.021022086630585378,-0.27644868258845784,
GSE66286,0.021022086630585378,-0.27644868258845784,
GSE55966,0.021022086630585378,-0.27644868258845784,
GSE64622,0.021022086630585378,-0.27644868258845784,
GSE64706,0.021022086630585378,-0.27644868258845784,
GSE64478,0.021022086630585378,-0.27644868258845784,
GSE64526,0.021022086630585378,-0.27644868258845784,
GSE64559,0.021022086630585378,-0.27644868258845784,
GSE66547,0.021022086630585378,-0.27644868258845784,
GSE98232,0.021022086630585378,-0.27644868258845784,
GSE65457,0.021022086630585378,-0.27644868258845784,
GSE101487,0.021022086630585378,-0.27644868258845784,
GSE66619,0.021022086630585378,-0.27644868258845784,
GSE66686,0.021022086630585378,-0.27644868258845784,
GSE66706,0.021022086630585378,-0.27644868258845784,
GSE98765,0.021022086630585378,-0.27644868258845784,
GSE66007,0.021022086630585378,-0.27644868258845784,
GSE66008,0.021022086630585378,-0.27644868258845784,
GSE66040,0.021022086630585378,-0.27644868258845784,
GSE66364,0.021022086630585378,-0.27644868258845784,
GSE100727,0.021022086630585378,-0.27644868258845784,
GSE90055,0.021022086630585378,-0.27644868258845784,
GSE68283,0.021022086630585378,-0.27644868258845784,
GSE54932,0.021022086630585378,-0.27644868258845784,
GSE65444,0.021022086630585378,-0.27644868258845784,
GSE83940,0.021022086630585378,-0.27644868258845784,
GSE99774,0.021022086630585378,-0.27644868258845784,
GSE98197,0.021022086630585378,-0.27644868258845784,
GSE66049,0.021022086630585378,-0.27644868258845784,
GSE57419,0.021022086630585378,-0.27644868258845784,
GSE57423,0.021022086630585378,-0.27644868258845784,
GSE57482,0.021022086630585378,-0.27644868258845784,
GSE95260,0.021022086630585378,-0.27644868258845784,
GSE76771,0.021022086630585378,-0.27644868258845784,
GSE56446,0.021022086630585378,-0.27644868258845784,
GSE55808,0.021022086630585378,-0.27644868258845784,
GSE65321,0.021022086630585378,-0.27644868258845784,
GSE76868,0.021022086630585378,-0.27644868258845784,
GSE77494,0.021022086630585378,-0.27644868258845784,
GSE77243,0.021022086630585378,-0.27644868258845784,
GSE77262,0.021022086630585378,-0.27644868258845784,
GSE41082,0.021022086630585378,-0.27644868258845784,
GSE86079,0.021022086630585378,-0.27644868258845784,
GSE86111,0.021022086630585378,-0.27644868258845784,
GSE86112,0.021022086630585378,-0.27644868258845784,
GSE77081,0.021022086630585378,-0.27644868258845784,
GSE64428,0.021022086630585378,-0.27644868258845784,
GSE64452,0.021022086630585378,-0.27644868258845784,
GSE67602,0.021022086630585378,-0.27644868258845784,
GSE67516,0.021022086630585378,-0.27644868258845784,
GSE67525,0.021022086630585378,-0.27644868258845784,
GSE64608,0.021022086630585378,-0.27644868258845784,
GSE63809,0.021022086630585378,-0.27644868258845784,
GSE76565,0.021022086630585378,-0.27644868258845784,
GSE67133,0.021022086630585378,-0.27644868258845784,
GSE66953,0.021022086630585378,-0.27644868258845784,
GSE67355,0.021022086630585378,-0.27644868258845784,
GSE67270,0.021022086630585378,-0.27644868258845784,
GSE65388,0.021022086630585378,-0.27644868258845784,
GSE101815,0.021022086630585378,-0.27644868258845784,
GSE95108,0.021022086630585378,-0.27644868258845784,
GSE94965,0.021022086630585378,-0.27644868258845784,
GSE65118,0.021022086630585378,-0.27644868258845784,
GSE74506,0.021022086630585378,-0.27644868258845784,
GSE74750,0.021022086630585378,-0.27644868258845784,
GSE74804,0.021022086630585378,-0.27644868258845784,
GSE74552,0.021022086630585378,-0.27644868258845784,
GSE80433,0.021022086630585378,-0.27644868258845784,
GSE80222,0.021022086630585378,-0.27644868258845784,
GSE80121,0.021022086630585378,-0.27644868258845784,
GSE108080,0.021022086630585378,-0.27644868258845784,
GSE50566,0.021022086630585378,-0.27644868258845784,
GSE50763,0.021022086630585378,-0.27644868258845784,
GSE73984,0.021022086630585378,-0.27644868258845784,
GSE74518,0.021022086630585378,-0.27644868258845784,
GSE85702,0.021022086630585378,-0.27644868258845784,
GSE85576,0.021022086630585378,-0.27644868258845784,
GSE80162,0.021022086630585378,-0.27644868258845784,
GSE52514,0.021022086630585378,-0.27644868258845784,
GSE50983,0.021022086630585378,-0.27644868258845784,
GSE87519,0.021022086630585378,-0.27644868258845784,
GSE87542,0.021022086630585378,-0.27644868258845784,
GSE87550,0.021022086630585378,-0.27644868258845784,
GSE35616,0.021022086630585378,-0.27644868258845784,
GSE35833,0.021022086630585378,-0.27644868258845784,
GSE74630,0.021022086630585378,-0.27644868258845784,
GSE59859,0.021022086630585378,-0.27644868258845784,
GSE59104,0.021022086630585378,-0.27644868258845784,
GSE58827,0.021022086630585378,-0.27644868258845784,
GSE74889,0.021022086630585378,-0.27644868258845784,
GSE58843,0.021022086630585378,-0.27644868258845784,
GSE58746,0.021022086630585378,-0.27644868258845784,
GSE87504,0.021022086630585378,-0.27644868258845784,
GSE53207,0.021022086630585378,-0.27644868258845784,
GSE53218,0.021022086630585378,-0.27644868258845784,
GSE79848,0.021022086630585378,-0.27644868258845784,
GSE59956,0.021022086630585378,-0.27644868258845784,
GSE102965,0.021022086630585378,-0.27644868258845784,
GSE103086,0.021022086630585378,-0.27644868258845784,
GSE96592,0.021022086630585378,-0.27644868258845784,
GSE103341,0.021022086630585378,-0.27644868258845784,
GSE103390,0.021022086630585378,-0.27644868258845784,
GSE66582,0.021022086630585378,-0.27644868258845784,
GSE103183,0.021022086630585378,-0.27644868258845784,
GSE52006,0.021022086630585378,-0.27644868258845784,
GSE73372,0.021022086630585378,-0.27644868258845784,
GSE73238,0.021022086630585378,-0.27644868258845784,
GSE72552,0.021022086630585378,-0.27644868258845784,
GSE72487,0.021022086630585378,-0.27644868258845784,
GSE72491,0.021022086630585378,-0.27644868258845784,
GSE61529,0.021022086630585378,-0.27644868258845784,
GSE103219,0.021022086630585378,-0.27644868258845784,
GSE102867,0.021022086630585378,-0.27644868258845784,
GSE96679,0.021022086630585378,-0.27644868258845784,
GSE80503,0.021022086630585378,-0.27644868258845784,
GSE80587,0.021022086630585378,-0.27644868258845784,
GSE80425,0.021022086630585378,-0.27644868258845784,
GSE74113,0.021022086630585378,-0.27644868258845784,
GSE74131,0.021022086630585378,-0.27644868258845784,
GSE84945,0.021022086630585378,-0.27644868258845784,
GSE84946,0.021022086630585378,-0.27644868258845784,
GSE73803,0.021022086630585378,-0.27644868258845784,
GSE85193,0.021022086630585378,-0.27644868258845784,
GSE85209,0.021022086630585378,-0.27644868258845784,
GSE60334,0.021022086630585378,-0.27644868258845784,
GSE60361,0.021022086630585378,-0.27644868258845784,
GSE60163,0.021022086630585378,-0.27644868258845784,
GSE60072,0.021022086630585378,-0.27644868258845784,
GSE73653,0.021022086630585378,-0.27644868258845784,
GSE73743,0.021022086630585378,-0.27644868258845784,
GSE85128,0.021022086630585378,-0.27644868258845784,
GSE94543,0.021022086630585378,-0.27644868258845784,
GSE104867,0.021022086630585378,-0.27644868258845784,
GSE104875,0.021022086630585378,-0.27644868258845784,
GSE94939,0.021022086630585378,-0.27644868258845784,
GSE94761,0.021022086630585378,-0.27644868258845784,
GSE58088,0.021022086630585378,-0.27644868258845784,
GSE58108,0.021022086630585378,-0.27644868258845784,
GSE38359,0.021022086630585378,-0.27644868258845784,
GSE75413,0.021022086630585378,-0.27644868258845784,
GSE58498,0.021022086630585378,-0.27644868258845784,
GSE58429,0.021022086630585378,-0.27644868258845784,
GSE75596,0.021022086630585378,-0.27644868258845784,
GSE75453,0.021022086630585378,-0.27644868258845784,
GSE50809,0.021022086630585378,-0.27644868258845784,
GSE50934,0.021022086630585378,-0.27644868258845784,
GSE79408,0.021022086630585378,-0.27644868258845784,
GSE75357,0.021022086630585378,-0.27644868258845784,
GSE92364,0.021022086630585378,-0.27644868258845784,
GSE92317,0.021022086630585378,-0.27644868258845784,
GSE109362,0.021022086630585378,-0.27644868258845784,
GSE109404,0.021022086630585378,-0.27644868258845784,
GSE75896,0.021022086630585378,-0.27644868258845784,
GSE75735,0.021022086630585378,-0.27644868258845784,
GSE79124,0.021022086630585378,-0.27644868258845784,
GSE94602,0.021022086630585378,-0.27644868258845784,
GSE106102,0.021022086630585378,-0.27644868258845784,
GSE85721,0.021022086630585378,-0.27644868258845784,
GSE42878,0.021022086630585378,-0.27644868258845784,
GSE42990,0.021022086630585378,-0.27644868258845784,
GSE42671,0.021022086630585378,-0.27644868258845784,
GSE42100,0.021022086630585378,-0.27644868258845784,
GSE94257,0.021022086630585378,-0.27644868258845784,
GSE93947,0.021022086630585378,-0.27644868258845784,
GSE95016,0.021022086630585378,-0.27644868258845784,
GSE96518,0.021022086630585378,-0.27644868258845784,
GSE96552,0.021022086630585378,-0.27644868258845784,
GSE75737,0.021022086630585378,-0.27644868258845784,
GSE75549,0.021022086630585378,-0.27644868258845784,
GSE95672,0.021022086630585378,-0.27644868258845784,
GSE75000,0.021022086630585378,-0.27644868258845784,
GSE75049,0.021022086630585378,-0.27644868258845784,
GSE79416,0.021022086630585378,-0.27644868258845784,
GSE104064,0.021022086630585378,-0.27644868258845784,
GSE103901,0.021022086630585378,-0.27644868258845784,
GSE34854,0.021022086630585378,-0.27644868258845784,
GSE35213,0.021022086630585378,-0.27644868258845784,
GSE87694,0.021022086630585378,-0.27644868258845784,
GSE36567,0.021022086630585378,-0.27644868258845784,
GSE35553,0.021022086630585378,-0.27644868258845784,
GSE87512,0.021022086630585378,-0.27644868258845784,
GSE74938,0.021022086630585378,-0.27644868258845784,
GSE79291,0.021022086630585378,-0.27644868258845784,
GSE79561,0.021022086630585378,-0.27644868258845784,
GSE79443,0.021022086630585378,-0.27644868258845784,
GSE79487,0.021022086630585378,-0.27644868258845784,
GSE96054,0.021022086630585378,-0.27644868258845784,
GSE96055,0.021022086630585378,-0.27644868258845784,
GSE59442,0.021022086630585378,-0.27644868258845784,
GSE75210,0.021022086630585378,-0.27644868258845784,
GSE59547,0.021022086630585378,-0.27644868258845784,
GSE59571,0.021022086630585378,-0.27644868258845784,
GSE50050,0.021022086630585378,-0.27644868258845784,
GSE50068,0.021022086630585378,-0.27644868258845784,
GSE104086,0.021022086630585378,-0.27644868258845784,
GSE104189,0.021022086630585378,-0.27644868258845784,
GSE104213,0.021022086630585378,-0.27644868258845784,
GSE75176,0.021022086630585378,-0.27644868258845784,
GSE59486,0.021022086630585378,-0.27644868258845784,
GSE99975,0.021021543371940243,-0.27648596559914246,"changes,stem"
GSE93820,0.02102138978757073,-0.2764965060344359,inflammatory
GSE118898,0.02102138165263545,-0.2764970643340143,"changes,stem"
GSE90019,0.02102123543623273,-0.2765070991840645,"changes,stem"
GSE69755,0.021021085566497153,-0.27651738483524363,polyadenylation
GSE89364,0.021020969921133018,-0.2765253216971028,"changes,stem"
GSE108184,0.021019775206264968,-0.2766073187792502,inflammatory
GSE94843,0.021018429945277774,-0.27669965389910567,changes
GSE84724,0.021017922717343984,-0.2767344702034881,"genomic,stem"
GSE70440,0.02101769839689084,-0.2767498679065191,"changes,stem"
GSE28532,0.02101727627066088,-0.27677884374977496,stem
GSE73859,0.02101670902297418,-0.27681778202407337,stem
GSE41785,0.021016492368937573,-0.2768326543485146,stem
GSE84681,0.02101611368068332,-0.27685864996086473,stem
GSE70721,0.0210156278868973,-0.2768919986759016,stem
GSE70419,0.021015496559038664,-0.2769010141877578,stem
GSE91067,0.021015484801617267,-0.27690182132444574,changes
GSE62899,0.021015206212018363,-0.27692094638868314,stem
GSE61994,0.021015182956193378,-0.27692254290320706,stem
GSE61996,0.021015177375136612,-0.27692292604353014,stem
GSE61997,0.021015152676290002,-0.2769246216240063,stem
GSE70816,0.021014985644356936,-0.27693608845000944,stem
GSE73352,0.021014828186674238,-0.27694689808237616,stem
GSE72148,0.021014363101382025,-0.276978827140449,stem
GSE105158,0.02101412816182997,-0.27699495649063394,changes
GSE106161,0.021014102876032358,-0.27699669245210157,changes
GSE56312,0.02101350077025079,-0.27703802980897435,stem
GSE30839,0.021013402029417073,-0.2770448089386103,"changes,stem"
GSE48607,0.021013324768930863,-0.2770501133402996,stem
GSE96661,0.021013087018535426,-0.2770664364714869,stem
GSE93867,0.021013002115912952,-0.277072265640697,stem
GSE63424,0.021012333681038855,-0.2771181592741356,stem
GSE62432,0.021012025702651906,-0.27713930505234974,stem
GSE39406,0.021011908773702785,-0.27714733346840054,stem
GSE70728,0.021011499551558097,-0.2771754312730436,stem
GSE79661,0.021010937407548596,-0.2772140298138951,
GSE79889,0.021010720576145073,-0.2772289184025698,stem
GSE70872,0.021010687059375446,-0.27723121982368104,stem
GSE101838,0.021010682216715048,-0.27723155234412294,stem
GSE99588,0.02101056234289019,-0.27723978348408423,stem
GSE75028,0.021010510342706706,-0.27724335409292594,stem
GSE71802,0.021010401392566182,-0.27725083521701144,stem
GSE79951,0.021010269307063883,-0.2772599049960497,
GSE53794,0.021009978610126066,-0.27727986618387607,
GSE57170,0.02100976703497531,-0.2772943945165011,stem
GSE119498,0.02100935704853156,-0.2773225476692453,body
GSE65994,0.021009116303817035,-0.2773390795028916,stem
GSE103847,0.02100886835893318,-0.27735610596702254,
GSE83134,0.021008808665334455,-0.27736020517787624,stem
GSE70863,0.021008698810287496,-0.2773677490490379,stem
GSE101650,0.02100826100924315,-0.27739781373712136,n3
GSE71554,0.021007958229695332,-0.2774186065909307,stem
GSE42662,0.021007925889190926,-0.27742082753599967,stem
GSE74534,0.021007681122014874,-0.2774376367369698,stem
GSE70578,0.02100759568345333,-0.2774435042117749,stem
GSE90962,0.021007400568975942,-0.2774569037459434,
GSE99575,0.02100711607532549,-0.277476441639579,stem
GSE68391,0.02100685299340965,-0.27749450929582525,"genomic,stem"
GSE94098,0.02100672162449309,-0.2775035313933815,"body,stem"
GSE56473,0.021006569803234502,-0.27751395817830726,changes
GSE84953,0.021006551569192698,-0.27751521046144295,stem
GSE84458,0.021006323298402754,-0.2775308878050035,stem
GSE104300,0.02100626997687895,-0.2775345498830601,stem
GSE66484,0.021006213650505996,-0.27753841834176163,
GSE78973,0.021006009914814282,-0.27755241086332544,stem
GSE78974,0.021006009914814282,-0.27755241086332544,stem
GSE50896,0.02100597441881763,-0.277554848734288,stem
GSE48083,0.02100573042239626,-0.2775716065606338,stem
GSE39851,0.02100558179556857,-0.277581814439223,
GSE102317,0.02100489687740071,-0.27762885641900953,normal
GSE50775,0.021004412714338387,-0.2776621109359636,stem
GSE78971,0.02100426460261902,-0.2776722840743093,stem
GSE76837,0.021003987455018785,-0.2776913203088048,"changes,stem"
GSE77003,0.021003831185996528,-0.27770205395557573,stem
GSE48419,0.021003519217680983,-0.2777234823550076,"changes,stem"
GSE60285,0.021003382395084175,-0.27773288049075756,stem
GSE62042,0.021003311575826272,-0.2777377449817477,normal
GSE88967,0.021003310716419425,-0.2777378040134875,"changes,stem"
GSE42912,0.02100320954502757,-0.2777447533853659,
GSE65383,0.021003065580478236,-0.27775464223843704,stem
GSE94546,0.021002752444995876,-0.2777761515925584,wildtype
GSE87084,0.02100268483878467,-0.27778079552210416,"changes,stem"
GSE98436,0.021002681433052884,-0.2777810294651829,
GSE86248,0.02100225425877327,-0.27781037278899307,stem
GSE60397,0.02100225164729148,-0.27781055217793,stem
GSE108438,0.021002054404366987,-0.27782410133113683,stem
GSE48878,0.021001993127970436,-0.277828310599463,stem
GSE49715,0.021001897464114797,-0.2778348820750183,stem
GSE108367,0.02100180474543566,-0.27784125126494924,"changes,stem"
GSE55782,0.021001571284866013,-0.27785728866184006,stem
GSE62378,0.021001518166512214,-0.27786093761179154,stem
GSE87386,0.021001405584662326,-0.2778686714199183,
GSE104424,0.021001314782706938,-0.27787490908879287,
GSE79313,0.02100120792062569,-0.2778822500476091,stem
GSE88745,0.021000998427485696,-0.2778966414208466,"body,normal,stem"
GSE57396,0.021000902088713837,-0.2779032595722492,stem
GSE71674,0.021000650656485167,-0.27792053226840996,stem
GSE81990,0.021000193172458912,-0.2779519606815476,
GSE35838,0.0209992365155072,-0.278017683680672,"changes,wildtype"
GSE67135,0.02099912096274786,-0.2780256224384174,stem
GSE77476,0.020997653118800537,-0.27812647071692337,stem
GSE85303,0.020996858626152845,-0.2781810593074489,changes
GSE42805,0.020996371874326035,-0.2782145044336439,"alternative,changes,splicing"
GSE66264,0.020995998012353665,-0.2782401933297451,stem
GSE109418,0.02099585682002587,-0.27824989509080966,"tetraploid,stem"
GSE62734,0.02099534155199894,-0.27828530130239865,stem
GSE66231,0.0209947982934423,-0.27832263180086886,
GSE97389,0.020994347931241445,-0.2783535795753401,stem
GSE101605,0.020993983427262337,-0.27837862787166645,stem
GSE65753,0.0209921796667589,-0.2785025866306048,"changes,wildtype"
GSE53249,0.0209916586075031,-0.2785383970583929,normal
GSE72590,0.02099036763232857,-0.2786271247187563,n3
GSE76840,0.020990243907548497,-0.2786356285075341,stem
GSE92865,0.020989604135870966,-0.2786796017694474,stem
GSE68846,0.02098948693813452,-0.278687657236531,stem
GSE39619,0.020988746146519785,-0.2787385758345991,
GSE72064,0.02098848775538609,-0.278756336871835,"changes,genomic"
GSE75995,0.020988144473874128,-0.27877993335914936,
GSE76026,0.020987186601215846,-0.2788457776585868,"alternative,splicing"
GSE33468,0.020986850032886892,-0.2788689141257006,genomic
GSE73029,0.020986761004222452,-0.2788750342192313,genomic
GSE49844,0.02098662937207269,-0.2788840830498349,normal
GSE62698,0.020985781694192147,-0.2789423565987509,
GSE103880,0.020985723668475578,-0.2789463456581288,
GSE71126,0.02098545238032523,-0.27896499588935936,genomic
GSE53545,0.020984601429120196,-0.27902349774829366,stem
GSE98387,0.020984433074625695,-0.27903507219584534,stem
GSE98759,0.02098437304132288,-0.2790391995349943,stem
GSE46730,0.020984033589856153,-0.2790625373258227,stem
GSE103933,0.02098403178262334,-0.2790626615767642,stem
GSE70965,0.02098389632050963,-0.27907197490379787,stem
GSE67634,0.02098376748250635,-0.2790808328640258,
GSE33141,0.020983653112466222,-0.27908869615833276,wildtype
GSE85098,0.02098355343311205,-0.2790955494574573,
GSE46980,0.020982700579485546,-0.27915418741439113,stem
GSE87824,0.020982017533012192,-0.2792011519981755,stem
GSE49433,0.020981780091341055,-0.27921747825751564,stem
GSE50198,0.02098147554756469,-0.27923841866307825,"changes,splicing,stem"
GSE58282,0.020981219978795672,-0.2792559917856361,
GSE60097,0.020981183093859556,-0.27925852804240503,stem
GSE57054,0.020980962931392726,-0.27927366679621896,
GSE81842,0.020980622228838116,-0.2792970944090743,stem
GSE60843,0.020980507998104556,-0.2793049493029693,stem
GSE64054,0.02098011062441966,-0.2793322744027135,stem
GSE63948,0.020979364739158145,-0.27938356603391973,body
GSE48763,0.020979139541293823,-0.27939905237441975,"alternative,changes"
GSE84386,0.020978247904454,-0.27946036982651046,stem
GSE80262,0.0209781976813155,-0.27946382372599315,stem
GSE87632,0.02097795606449899,-0.27948044009102463,stem
GSE98132,0.02097791431072842,-0.27948331158229395,
GSE25432,0.020977566144956585,-0.2795072558692852,"changes,splicing"
GSE77569,0.020976906232067966,-0.279552640925894,
GSE87478,0.020973360421787483,-0.27979652604643335,"affected,inflammatory"
GSE25626,0.020970945244585,-0.27996266846416495,body
GSE28666,0.020970482964023145,-0.2799944713808801,nonfunctional
GSE92894,0.02097043468240585,-0.27999779298916816,genomic
GSE47496,0.020969304857066672,-0.2800755232484496,
GSE32190,0.020968957866262464,-0.2800993965269293,
GSE37685,0.02096864081170648,-0.2801212105100871,body
GSE87862,0.02096806511060817,-0.2801608207322708,"genomic,normal"
GSE78781,0.020967570168211346,-0.2801948753465248,stem
GSE93017,0.020967456127424344,-0.2802027220604726,"genomic,wildtype"
GSE90983,0.02096725736156298,-0.2802163984874053,wildtype
GSE27201,0.020967078522697795,-0.2802287039139004,splicing
GSE27218,0.02096670905606751,-0.28025412626213453,splicing
GSE83217,0.020966277334237105,-0.2802838328486386,
GSE55682,0.02096587823830521,-0.28031129500573226,
GSE43735,0.020965266424354458,-0.2803533954997617,genomic
GSE62784,0.020964842392273954,-0.280382574960393,stem
GSE88949,0.020964642107079427,-0.2803963576462695,stem
GSE41974,0.020964334605982633,-0.2804175186829652,genomic
GSE94791,0.020964311956380297,-0.28041907735330873,splicing
GSE41985,0.020964293158768927,-0.28042037094371686,genomic
GSE60165,0.020963158940027104,-0.2804984263309441,
GSE68699,0.020961955249275025,-0.28058126730647137,"normal,stem"
GSE41979,0.020961454809758376,-0.2806157101921027,genomic
GSE25409,0.02095949691495868,-0.2807504707356469,"body,genomic,stem"
GSE62040,0.020958162709807177,-0.2808423103647427,
GSE99977,0.020957710561177612,-0.2808734352124312,"changes,stem,wildtype"
GSE98671,0.02095558437364128,-0.28101980596290865,"genomic,stem"
GSE47395,0.02095440438074477,-0.281101045302318,normal
GSE81441,0.02095307450645784,-0.28119260905610854,
GSE89945,0.02095124309055155,-0.28131871418316956,genomic
GSE83993,0.020950933560382433,-0.2813400284763969,genomic
GSE47540,0.02095004267859404,-0.28140137648561725,"alternative,changes,genomic,splicing"
GSE52016,0.020946634845719382,-0.2816360711626086,"genomic,stem"
GSE83145,0.02094657665286696,-0.28164007918856815,wildtype
GSE94011,0.0209449568567821,-0.28175164692477916,normal
GSE42154,0.020944289304836484,-0.2817976288399391,"changes,genomic,stem"
GSE62786,0.02094322829965326,-0.2818707153823778,
GSE80187,0.02094262736542036,-0.2819121119265809,genomic
GSE84498,0.020942336175255316,-0.28193217156476885,genomic
GSE78084,0.020941509916329107,-0.28198909277744266,
GSE80155,0.020941008850134567,-0.2820236124641923,
GSE95685,0.020940236354598633,-0.28207683320648297,changes
GSE85136,0.020937954496692952,-0.2822340522754485,
GSE109165,0.020937136209676396,-0.2822904360874496,
GSE63756,0.020936010402773566,-0.2823680130630294,"changes,inflammatory"
GSE98668,0.020935371746251576,-0.28241202338940935,changes
GSE89817,0.02093527758853332,-0.28241851198585305,inflammatory
GSE89010,0.020934622999127208,-0.2824636218560387,
GSE63300,0.020934585875308134,-0.28246618022057984,ish
GSE104777,0.020934335068594753,-0.2824834645256666,
GSE46149,0.020933121680490496,-0.2825670878998623,"splicing,stem"
GSE67363,0.020931973008698403,-0.2826462556700909,genomic
GSE92263,0.020930895946244324,-0.2827204919897871,"alternative,splicing"
GSE102982,0.02093068951319277,-0.2827347207838707,normal
GSE78691,0.02092994156328489,-0.28278627584146504,genomic
GSE72238,0.020929559574723068,-0.2828126064468881,
GSE98360,0.02092951433527833,-0.28281572484949374,changes
GSE60827,0.020928696630722887,-0.28287209124834234,n3
GSE94626,0.020928663676157176,-0.28287436293428614,
GSE52071,0.020928361193871238,-0.28289521437775306,stem
GSE76303,0.020927669512047307,-0.2829428962014005,genomic
GSE25602,0.020927081293694444,-0.2829834469003943,
GSE77441,0.02092590917906152,-0.28306425374117744,stem
GSE99112,0.020924836574722775,-0.2831382042016918,stem
GSE43504,0.020924548466310394,-0.28315806841605856,
GSE80204,0.020924398959333783,-0.2831683765832649,"alternative,splicing,stem"
GSE92275,0.020923974549508603,-0.2831976390801686,"changes,glutamate"
GSE95182,0.020922514856148558,-0.28329828754088876,normal
GSE80346,0.020921981951164157,-0.28333503403980537,
GSE44654,0.020921954110550985,-0.283336953816879,
GSE98492,0.020921391687638596,-0.2833757367932953,
GSE45703,0.020920086099417656,-0.2834657702123821,wildtype
GSE77514,0.020920071618363168,-0.28346676885801986,"cardiomyocytes,n3,ventricles"
GSE59168,0.020919911686674744,-0.2834777981479739,
GSE71042,0.020919749701379522,-0.28348896914574795,
GSE74215,0.020919610623924167,-0.2834985604183476,inflammatory
GSE68831,0.020918630934319147,-0.28356612508083784,
GSE79510,0.020918625247314384,-0.2835665172965,"alternative,inflammatory"
GSE71527,0.020918585404176824,-0.2835692651611916,
GSE75589,0.020918519722453236,-0.28357379504903196,stem
GSE88841,0.020918448187934213,-0.2835787286042585,"normal,stem"
GSE45048,0.020918359509166245,-0.28358484457848415,
GSE97235,0.020915824379854477,-0.2837596976842735,normal
GSE64425,0.020914908923876187,-0.28382284378265293,"changes,stem"
GSE58360,0.020914751183002574,-0.28383372467317547,"changes,genomic"
GSE92238,0.020914048482959257,-0.28388219758542327,changes
GSE87119,0.020912615909809452,-0.28398102287831933,
GSE66870,0.020912394377502672,-0.28399630577045476,
GSE67305,0.020911248911450336,-0.28407533084161896,changes
GSE83253,0.020911113179925556,-0.2840846951715085,
GSE77534,0.020910137351016905,-0.2841520209214395,n3
GSE79929,0.020910109144765283,-0.2841539670132369,
GSE53489,0.020909544697841388,-0.2841929116100078,stem
GSE90712,0.0209093064466453,-0.28420935031215666,stem
GSE67609,0.020909117343557333,-0.28422239805822164,"normal,stem"
GSE99364,0.02090880545568953,-0.2842439179736112,
GSE59373,0.020908057145574494,-0.2842955518468847,stem
GSE67245,0.020907414291347355,-0.28433991067263564,changes
GSE76749,0.020906928964317305,-0.28437340056366234,changes
GSE76748,0.020906182891303113,-0.28442488469340355,changes
GSE63472,0.02090599338073085,-0.28443796250887166,wildtype
GSE69887,0.020905755462938082,-0.2844543809955058,stem
GSE83736,0.020905725941347902,-0.28445641826614637,
GSE52261,0.020905051384343495,-0.284502969902226,
GSE99307,0.02090328743869439,-0.28462470808716794,changes
GSE104236,0.02090324939649169,-0.2846273336716498,
GSE99784,0.02090190546679595,-0.28472009164440953,"changes,stem"
GSE68251,0.020901788341301037,-0.28472817592382516,
GSE92457,0.02090168765400657,-0.28473512563587416,changes
GSE70731,0.02090164461159045,-0.2847380965512018,
GSE95257,0.02090065223328609,-0.2848065951441841,
GSE40652,0.020900402887463112,-0.2848238066706035,"splicing,stem"
GSE86790,0.02090027053736232,-0.28483294244849555,stem
GSE77453,0.020899806826889893,-0.2848649516140852,
GSE74537,0.020899681877265767,-0.28487357680107556,
GSE76929,0.020898895453371126,-0.2849278642876565,
GSE84481,0.020898605876414202,-0.2849478545371414,
GSE95830,0.020898345424634035,-0.2849658344366291,
GSE78156,0.02089826325949547,-0.28497150663069826,
GSE76609,0.020898244660460346,-0.2849727906009184,
GSE94444,0.020897852641082845,-0.28499985362586017,"changes,stem"
GSE42629,0.020897627888058493,-0.28501536966106555,
GSE65665,0.020896551936926088,-0.28508965126533703,
GSE47885,0.02089592097093027,-0.2851332137276595,
GSE100863,0.020895702584796637,-0.2851482916100285,"changes,stem"
GSE81082,0.020895173882073393,-0.2851847951180406,changes
GSE99485,0.02089459534382365,-0.2852247405056024,stem
GSE72164,0.02089443078576179,-0.2852361026799229,"changes,stem"
GSE89258,0.020893715044178467,-0.2852855232422576,wildtype
GSE61117,0.02089363507814172,-0.2852910448464903,normal
GSE90894,0.02089347581291646,-0.2853020420724659,
GSE98527,0.020893187128181497,-0.28532197589853403,wildtype
GSE106760,0.020893040470963565,-0.28533210275865906,
GSE76123,0.02089193292461203,-0.28540858248327966,stem
GSE49581,0.020890885943154365,-0.28548088373044894,
GSE90929,0.0208897109001178,-0.2855620328231003,changes
GSE76359,0.020889621887837356,-0.2855681802441817,
GSE87212,0.020889046709188577,-0.2856079042187427,
GSE52957,0.020888211250690965,-0.2856656060350128,
GSE79061,0.020888135354940853,-0.28567084796884407,normal
GSE120161,0.020887144793731334,-0.2857392653553871,
GSE77778,0.020886071148295056,-0.2858134249771449,stem
GSE76619,0.02088474846615326,-0.2859047914853864,
GSE58724,0.02088404514935094,-0.285953376640721,"changes,stem,wildtype"
GSE76838,0.020883892004817148,-0.2859639560887138,changes
GSE108044,0.02088359041249682,-0.28598479075337313,
GSE71185,0.020883569153346958,-0.2859862593938265,
GSE77454,0.02088263437318672,-0.28605083805254333,
GSE74055,0.020882000935404314,-0.2860946003189061,stem
GSE107740,0.020881982079691306,-0.28609590302241694,
GSE107655,0.02088165592377941,-0.28611843666839,
GSE75639,0.02088156758932583,-0.28612453963015394,stem
GSE89011,0.020880851654449778,-0.2861740039913707,"stem,wildtype"
GSE98877,0.020880849404944692,-0.28617415941367164,
GSE58514,0.020880790859114685,-0.28617820445491426,"genomic,stem"
GSE96957,0.020880473880429837,-0.28620010530392165,
GSE67572,0.0208802422812174,-0.28621610728214264,changes
GSE39522,0.020878958236647947,-0.286304829513902,"changes,stem"
GSE81390,0.020878694259494606,-0.28632306993247314,stem
GSE82255,0.020877545094638617,-0.286402478158164,
GSE67374,0.02087739291546076,-0.2864129941907908,wildtype
GSE101865,0.020877159735802023,-0.286429107745646,
GSE52870,0.02087640268165988,-0.28648142415619565,"changes,normal"
GSE62826,0.020875710840845996,-0.2865292356429522,"body,normal"
GSE42120,0.02087539887482875,-0.2865507953968882,
GSE82127,0.020875368115443316,-0.2865529211740189,stem
GSE76410,0.020875335902945786,-0.2865551473788954,cns
GSE79260,0.020875100276274157,-0.28657143163658344,
GSE54133,0.020874923172314784,-0.28658367148618374,changes
GSE68139,0.020873521498663103,-0.28668054635866913,changes
GSE102014,0.020873181113940032,-0.2867040725928983,
GSE77133,0.020872295338469776,-0.2867652961786409,
GSE101925,0.020871540513689956,-0.28681747068270697,changes
GSE105055,0.02087127592128074,-0.28683576011256534,stem
GSE50807,0.020871252895838726,-0.28683735171192215,stem
GSE44775,0.020870498578950274,-0.28688949371343847,
GSE98988,0.02087000348011823,-0.28692371834393104,"genomic,normal,stem"
GSE89692,0.020869651809105685,-0.28694802875197456,
GSE70706,0.02086942638151879,-0.2869636123861033,changes
GSE61755,0.020869237229922465,-0.2869766884190369,
GSE71591,0.020868749838511308,-0.2870103822898374,stem
GSE75103,0.020868556202705064,-0.2870237687512029,"cns,genomic"
GSE75106,0.02086855031464487,-0.2870241758074631,"cns,genomic"
GSE75054,0.020868100942126676,-0.2870552423872682,changes
GSE73018,0.020867011442872938,-0.28713056578193297,"changes,genomic"
GSE41285,0.020866811597997473,-0.28714438264268394,
GSE49622,0.02086667583147033,-0.28715376933464254,"changes,stem"
GSE94525,0.020866159025920435,-0.28718950104596885,changes
GSE86907,0.020865746919542245,-0.287217994536246,"changes,genomic"
GSE62795,0.020865739726247896,-0.2872184918935614,inflammatory
GSE63340,0.02086375469305438,-0.2873557472131525,
GSE79698,0.02086342403265931,-0.2873786120282089,inflammatory
GSE95145,0.02086326198583132,-0.2873898175265334,"changes,stem"
GSE95341,0.020862756121793096,-0.28742479846037017,"changes,stem"
GSE38539,0.02086165949995965,-0.28750063371690426,left
GSE96938,0.020858997903820536,-0.287684709030905,
GSE57919,0.020858741431370963,-0.2877024478411583,
GSE75901,0.020857488000418953,-0.28778914400923167,stem
GSE93941,0.020856987126576746,-0.2878237894509445,genomic
GSE86929,0.020856941087416498,-0.28782697402123175,"genomic,inflammatory"
GSE47883,0.020856830495453966,-0.28783462379586744,stem
GSE79086,0.020856748662212102,-0.2878402843224681,
GSE74690,0.020856421289543122,-0.2878629293972308,genomic
GSE90809,0.020856375924483056,-0.28786606742448184,
GSE52899,0.020855713736439345,-0.2879118735883372,stem
GSE107840,0.02085530974268677,-0.28793982014705444,"genomic,stem"
GSE29413,0.020854865344507617,-0.2879705623363608,stem
GSE27016,0.020854743274230758,-0.2879790069221001,
GSE77420,0.020854415096065015,-0.28800170989817314,stem
GSE48649,0.020854337044557372,-0.2880071094614414,
GSE72136,0.02085318630553831,-0.2880867193420207,
GSE63497,0.0208529441961876,-0.2881034693955704,
GSE107053,0.020852226001208878,-0.28815315802311425,inflammatory
GSE38371,0.020849730021572935,-0.28832585675433275,
GSE77471,0.02084911113273135,-0.2883686813431206,changes
GSE54569,0.020849067795834567,-0.28837168012760883,stem
GSE81251,0.020848417791050834,-0.2884166592751484,
GSE102007,0.020848308138938763,-0.2884242471398921,normal
GSE89762,0.020847853093940282,-0.2884557364253949,
GSE58732,0.020847724404097604,-0.28846464193571464,
GSE98739,0.02084720811913588,-0.28850037010261287,
GSE39849,0.0208471302523333,-0.28850575875029616,
GSE85278,0.02084624347724465,-0.2885671280235657,
GSE57698,0.02084603134728982,-0.28858180886480767,stem
GSE93702,0.020845195646107484,-0.28863964654618735,changes
GSE52856,0.02084512982481458,-0.28864420204206215,"changes,splicing"
GSE108161,0.02084458309027587,-0.2886820421303033,changes
GSE75944,0.020843832776932227,-0.2887339737433228,changes
GSE82072,0.020843167148975755,-0.2887800455716466,
GSE93866,0.02084277661318122,-0.2888070774199498,
GSE36025,0.020841749227832187,-0.28887819271842247,
GSE84462,0.020839584135243748,-0.2890280712415496,
GSE75426,0.020839425095118738,-0.28903908140728507,changes
GSE89184,0.02083936012195715,-0.28904357944903575,
GSE52464,0.020839203266261184,-0.2890544385054096,
GSE71133,0.020839094781397244,-0.2890619489164651,changes
GSE86817,0.02083904878109862,-0.2890651335306075,stem
GSE60377,0.02083890767796715,-0.2890749021855664,genomic
GSE108753,0.02083872456275724,-0.2890875794606922,"affected,biomarkers,changes,genomic,inflammatory"
GSE73977,0.0208361158231608,-0.28926819758178485,
GSE64063,0.02083540662361652,-0.289317303474997,
GSE85061,0.020835334709610923,-0.28932228298704443,"alternative,cardiomyocytes,normal,stem"
GSE45119,0.020835037172926067,-0.28934288538056013,"changes,splicing"
GSE82073,0.020834801641154883,-0.2893591945637935,
GSE59215,0.02083470283918526,-0.28936603607119243,wildtype
GSE76567,0.020834595754149324,-0.2893734511732225,
GSE78228,0.020833414364641246,-0.2894552590051906,
GSE66793,0.020832984934045673,-0.2894849969907658,"changes,splicing"
GSE81559,0.02083287229147347,-0.2894927975685594,"genomic,stem"
GSE77076,0.020832858118443168,-0.28949377906391927,changes
GSE94967,0.020832071498263445,-0.28954825428050673,
GSE76062,0.020831903939322587,-0.2895598583797551,
GSE68265,0.020829470063491666,-0.28972842414022043,changes
GSE86315,0.02082909405782997,-0.28975446735678007,
GSE60701,0.02082899551365265,-0.28976129288322117,stem
GSE100265,0.020828544111538047,-0.2897925590404677,normal
GSE99061,0.02082758274946435,-0.28985914959513437,changes
GSE77715,0.020826541505770558,-0.2899312767681603,
GSE80312,0.02082641054297603,-0.28994034884420367,changes
GSE97353,0.02082566275227714,-0.2899921510162289,
GSE74138,0.020824378990851718,-0.29008108616083944,
GSE85391,0.020823383208302737,-0.29015007476765214,stem
GSE80708,0.020823022702653925,-0.29017505169905305,stem
GSE96644,0.020821883396805217,-0.29025398912753325,
GSE102564,0.020821277566199475,-0.29029596619125136,
GSE102562,0.020820921971744677,-0.2903206053487508,
GSE58359,0.020820804318315834,-0.290328757653348,changes
GSE102563,0.020820533852425813,-0.2903474986360067,
GSE69800,0.020820353445204515,-0.29035999945529256,
GSE75851,0.02082012310854214,-0.29037596015449907,changes
GSE73279,0.020819742951396915,-0.2904023027381858,
GSE70667,0.020819456107199603,-0.2904221796191215,inflammatory
GSE66202,0.020818964555697074,-0.2904562423383017,changes
GSE84138,0.020818582692777397,-0.29048270459542014,
GSE77893,0.02081813765597809,-0.2905135452753786,
GSE45284,0.020817579341193597,-0.29055223695785615,"alternative,splicing"
GSE106678,0.02081741393948107,-0.290563699634399,
GSE55800,0.020816848767519394,-0.29060286789310674,
GSE61602,0.020816354364446097,-0.2906371325092508,"body,stem"
GSE53212,0.020815640165644602,-0.29068663151024055,stem
GSE52405,0.02081528634415516,-0.2907111544575291,
GSE80976,0.020814555455984516,-0.29076181276867064,
GSE63857,0.020813767165756503,-0.290816451645822,"alternative,biomarkers,changes"
GSE90461,0.020811158096101536,-0.2909973092369795,changes
GSE100608,0.02081102709536211,-0.2910063906495124,
GSE69132,0.020810470512311337,-0.29104497549885205,
GSE74170,0.02080974706047904,-0.29109512998778814,
GSE85505,0.020809343523534068,-0.2911231066081886,stem
GSE68190,0.02080855926913408,-0.29117747935923416,
GSE44942,0.020808458508114733,-0.2911844653198191,
GSE89032,0.02080792499484512,-0.2912214554128339,body
GSE89108,0.020807194162203287,-0.29127212779583134,changes
GSE87578,0.020806943193361915,-0.29128952916593676,changes
GSE97078,0.02080489943624914,-0.2914312445078887,
GSE102299,0.020804857994750358,-0.29143411823023024,inflammatory
GSE72664,0.02080453386420987,-0.2914565949597608,changes
GSE100816,0.020804262111662537,-0.29147543982384283,changes
GSE63282,0.020803324316707186,-0.29154047373942527,"genomic,stem"
GSE71794,0.02080194509505311,-0.29163612490426477,stem
GSE72762,0.02080072470352312,-0.29172076624181775,
GSE72764,0.020800565601526214,-0.29173180126790715,
GSE66679,0.02079960490677713,-0.291798435107799,
GSE85249,0.02079883645512886,-0.29185173717133545,
GSE76504,0.02079845209024133,-0.2918783985878141,inflammatory
GSE58261,0.020797820205176742,-0.2919222302774758,
GSE83506,0.020796106168362596,-0.2920411338111726,
GSE97947,0.020796061761242008,-0.2920442144840896,stem
GSE67112,0.020795445740485523,-0.292086950616724,changes
GSE108069,0.02079422491533447,-0.2921716484930932,
GSE60763,0.02079345719132975,-0.2922249138619912,stem
GSE67266,0.020793323140995957,-0.2922342145941107,
GSE42852,0.02079289862895433,-0.29226366864842035,
GSE67583,0.02079268099654138,-0.2922787689406722,"changes,genomic,stem"
GSE75858,0.020792617820303498,-0.29228315241500996,
GSE92308,0.020791249283014727,-0.29237811145071424,"genomic,stem"
GSE81836,0.020790738082616805,-0.29241358384276395,
GSE84271,0.0207906193650214,-0.29242182182712395,
GSE75997,0.02078845835462553,-0.2925717856625537,changes
GSE96960,0.020786885941343276,-0.29268091345856034,
GSE100874,0.020786313968605887,-0.2927206112558718,stem
GSE122108,0.02078625664676334,-0.2927245897415296,
GSE89482,0.020786143999030157,-0.2927324082135691,
GSE66352,0.020785719243221385,-0.29276188936024533,stem
GSE72851,0.02078512012659112,-0.2928034734419988,body
GSE75667,0.020785103949670716,-0.2928045962823665,
GSE109653,0.02078465403766546,-0.2928358250337604,genomic
GSE70123,0.020784517836084287,-0.2928452790275189,
GSE81672,0.02078436145486538,-0.29285613380218956,changes
GSE72855,0.020784242048375357,-0.29286442213215425,body
GSE94653,0.020782952894922473,-0.29295390881974803,inflammatory
GSE89619,0.020782760648384517,-0.2929672541037955,stem
GSE103849,0.020782103673663642,-0.29301286061243376,
GSE90742,0.02077953480467626,-0.29319120269369914,stem
GSE68462,0.020779037960995575,-0.2932256982919139,"changes,stem"
GSE62669,0.02077818799916794,-0.2932847126118313,changes
GSE106413,0.02077740793026455,-0.29333887626962196,
GSE89055,0.020777167090207375,-0.29335559927814575,genomic
GSE65697,0.020776586601547648,-0.2933959069777557,stem
GSE80671,0.020776016401804476,-0.29343550133682755,changes
GSE108528,0.020775634373212132,-0.29346202980178077,"affected,biomarkers,changes,genomic,inflammatory"
GSE100098,0.020775527837406726,-0.2934694278465026,wildtype
GSE117978,0.020774579293488273,-0.2935352981752188,
GSE95687,0.020772683704103758,-0.2936669437859854,"normal,stem"
GSE43041,0.020772648879971756,-0.29366936237789065,
GSE84208,0.020771778162028343,-0.29372983645581624,
GSE97062,0.020771709424733425,-0.2937346105833758,inflammatory
GSE83795,0.020771299026026886,-0.29376311502736346,
GSE79606,0.020771199265109983,-0.2937700440559972,"genomic,stem"
GSE102334,0.02077018352517315,-0.2938405955336595,
GSE76253,0.020769032094720166,-0.29392057600416605,stem
GSE71198,0.02076824523738624,-0.2939752351078237,
GSE67294,0.020767922718604406,-0.29399763949754243,
GSE46953,0.020766549037949694,-0.29409306877280356,changes
GSE34483,0.020766346769464348,-0.29410712085056345,stem
GSE44674,0.02076565651022932,-0.29415507584896244,affected
GSE83467,0.020764845580809526,-0.294211416311692,normal
GSE77988,0.020764706960180866,-0.29422104739516375,"cns,stem"
GSE27623,0.02076457714516849,-0.29423006674036173,
GSE102827,0.020764551920843862,-0.2942318192937559,
GSE97032,0.020763519881020952,-0.29430352590907494,
GSE52234,0.020762312068165124,-0.2943874498444243,
GSE73993,0.020761551892339608,-0.29444027257281224,
GSE99491,0.020761108312915413,-0.2944710966978749,stem
GSE93827,0.02076077170963432,-0.2944944875406848,
GSE62292,0.020760549335461974,-0.2945099407154679,inflammatory
GSE62294,0.020760549335461974,-0.2945099407154679,inflammatory
GSE82174,0.02075985381802623,-0.29455827452146616,stem
GSE70452,0.020758627877174737,-0.2946434731470022,
GSE74161,0.02075842386513319,-0.2946576517626925,stem
GSE109125,0.02075743662385323,-0.2947262659300131,
GSE124829,0.02075725702512232,-0.29473874855607446,
GSE101092,0.020755839557173708,-0.2948372704274468,
GSE61694,0.02075496336725876,-0.29489817384324746,stem
GSE78855,0.020754803500462788,-0.2949092863621149,"normal,stem"
GSE47442,0.020754440951863313,-0.29493448783583276,
GSE79729,0.020753306973006355,-0.2950133158019646,stem
GSE75300,0.02075214260553729,-0.29509426069912326,
GSE93537,0.020751069328873113,-0.29516887713718143,"changes,normal"
GSE89520,0.0207509368446749,-0.2951780879832768,changes
GSE77681,0.020750788690809607,-0.2951883883186961,normal
GSE47459,0.02075039835199728,-0.2952155268132288,genomic
GSE86850,0.020749751357168392,-0.2952605105657082,
GSE77693,0.02074974970588972,-0.29526062537632014,"cardiomyocytes,cns"
GSE100835,0.020749697021246023,-0.2952642884552372,"changes,stem"
GSE74065,0.020749211014137882,-0.29529808018991066,
GSE33252,0.02074642894562538,-0.29549153070453377,
GSE77188,0.020746332281036863,-0.2954982527215005,
GSE47484,0.02074580562532981,-0.2955348766996901,
GSE105471,0.020744529303159228,-0.29562363682514253,wildtypes
GSE81091,0.020742761763570407,-0.2957465670302894,stem
GSE89621,0.02074255838542863,-0.2957607124019782,changes
GSE95826,0.020742524642602234,-0.2957630592989713,
GSE85266,0.020741655752925924,-0.29582349403892866,
GSE77722,0.02074164651866221,-0.2958241363323691,
GSE89732,0.02074074153645133,-0.29588708417164,wildtype
GSE46066,0.02074005892075526,-0.29593456668252655,stem
GSE53018,0.020739751948413487,-0.2959559200814882,genomic
GSE79941,0.020739636083613455,-0.2959639798711984,
GSE55060,0.02073917890046416,-0.2959957828946234,
GSE66343,0.020739044271232545,-0.29600514823913227,
GSE53297,0.02073761893229651,-0.29610430421054323,stem
GSE102491,0.020737565193983315,-0.2961080427351374,
GSE92589,0.020736738441463877,-0.2961655603619782,
GSE89171,0.02073630784660327,-0.29619551799112076,
GSE95734,0.020734163201094186,-0.2963447359462107,stem
GSE71744,0.020733042028598964,-0.2964227498847084,
GSE56507,0.020732579174318515,-0.29645495765373314,
GSE59354,0.020731814630193687,-0.29650816012054143,
GSE104790,0.020731248036418216,-0.29654758904728,stem
GSE98418,0.020731121193334506,-0.2965564161303069,changes
GSE75966,0.020730911977820912,-0.2965709756760337,genomic
GSE69445,0.02073040503547833,-0.2966062549800396,changes
GSE106120,0.02073020701072217,-0.2966200362205754,
GSE43721,0.020729703493015908,-0.2966550783848752,genomic
GSE84055,0.020729473973560123,-0.2966710520052354,affected
GSE54412,0.020729473087480105,-0.29667111367314264,stem
GSE71619,0.02072940946636476,-0.29667554147543485,
GSE76186,0.020728267960618395,-0.29675498850585486,
GSE85412,0.020727495076577042,-0.29680878252106935,stem
GSE73369,0.020726886076319836,-0.2968511713652202,stem
GSE61874,0.020726664260542538,-0.29686661093646577,stem
GSE86927,0.02072558652656295,-0.29694162937037827,
GSE98255,0.020724897592955132,-0.29698958640251943,stem
GSE70814,0.020724851004578774,-0.29699282950153977,
GSE74366,0.020723918104898115,-0.2970577718277934,wildtype
GSE79410,0.020723742523054298,-0.29706999500524234,
GSE107653,0.02072355276777536,-0.2970832049866409,affected
GSE66145,0.020722706429229402,-0.2971421250651712,
GSE81275,0.020721089110499545,-0.2972547256453978,
GSE80561,0.020720571514608148,-0.2972907634399494,
GSE80280,0.020720348831288433,-0.297306268120751,genomic
GSE85360,0.020720246776330973,-0.29731337391538887,
GSE77647,0.02072001971286537,-0.2973291838202736,stem
GSE82002,0.020716828642280576,-0.2975513890264926,changes
GSE86235,0.02071663805762268,-0.29756466117399627,
GSE51572,0.020716234410296026,-0.297592771221008,alternative
GSE40064,0.02071492583572264,-0.29768390427338093,stem
GSE71873,0.020714431783353724,-0.2977183130570827,
GSE58833,0.020714017567625243,-0.2977471621685854,
GSE77214,0.020713627777247553,-0.2977743106410711,
GSE76222,0.020713018736881847,-0.29781673065762115,"alternative,changes,splicing"
GSE57998,0.020712403604187614,-0.297859576274509,
GSE70022,0.020711915139181893,-0.2978936000587407,"alternative,changes,splicing"
GSE66931,0.020711382754121585,-0.29793068398616573,normal
GSE69314,0.020711297059893823,-0.2979366532106573,
GSE59017,0.020710672550287804,-0.29798015558005875,
GSE47793,0.020708935047411604,-0.29810119423444886,"genomic,stem"
GSE53627,0.020708599097792532,-0.29812459846936706,
GSE76140,0.020708345294415374,-0.29814228016360916,
GSE73381,0.020707441079229096,-0.29820527579303313,normal
GSE69354,0.02070702647742718,-0.2982341615423315,stem
GSE84341,0.020706662081520756,-0.2982595498709459,
GSE99076,0.020706562732800603,-0.2982664718098447,stem
GSE85154,0.02070591204459669,-0.29831180813181396,
GSE96889,0.020705522175441176,-0.29833897272091203,
GSE78056,0.02070541052149169,-0.29834675243456377,
GSE37150,0.020705314012018364,-0.2983534769601612,
GSE99164,0.020705159355835712,-0.2983642530604861,
GSE79244,0.020704769382590516,-0.29839142589000217,
GSE77891,0.02070441850284608,-0.29841587517254586,
GSE49538,0.02070421892446432,-0.2984297819687857,genomic
GSE89695,0.020703440751069502,-0.29848400705209566,"alternative,stem"
GSE84061,0.020702996386281924,-0.2985149724246189,stem
GSE89242,0.020702825564733348,-0.29852687622893426,stem
GSE79898,0.020702788292293654,-0.2985294735947935,
GSE62355,0.020702733063883455,-0.29853332224834983,stem
GSE94373,0.020702388079083922,-0.29855736313245984,"3seq,alternative,polyadenylation"
GSE76587,0.020701918329803535,-0.29859009909719814,
GSE98140,0.0206992683111655,-0.29877478794613055,"genomic,stem"
GSE79535,0.020698697695012192,-0.2988145592283503,"alternative,changes,splicing,wildtype"
GSE74660,0.020697808311129124,-0.29887655043686223,
GSE69707,0.02069779030774492,-0.2988778053235641,changes
GSE87113,0.0206973818510712,-0.29890627620008814,
GSE94778,0.020696925884479585,-0.29893805934982765,
GSE41879,0.02069586784437828,-0.2990118127291017,
GSE45148,0.02069554007009986,-0.2990346618347419,
GSE56966,0.02069544911728875,-0.2990410022084377,wildtype
GSE75104,0.02069467586579678,-0.2990949071480053,"cns,genomic"
GSE74278,0.02069419267233898,-0.2991285925726139,
GSE79484,0.020693893877726948,-0.2991494231806929,
GSE63526,0.020693372799306057,-0.2991857511295588,
GSE69162,0.020693340072788904,-0.2991880327499498,
GSE99646,0.020692938007020864,-0.2992160641804912,
GSE71304,0.020690532240475255,-0.2993838020452976,
GSE81103,0.020689020466456185,-0.29948921782379445,affected
GSE102721,0.020688713373408035,-0.2995106323178497,normal
GSE67610,0.02068793681768607,-0.2995647852318248,changes
GSE75878,0.020687515859746458,-0.29959414147532754,"alternative,changes,normal"
GSE97101,0.02068717847349596,-0.29961767013110663,changes
GSE54098,0.020687157203214467,-0.29961915349170354,
GSE84993,0.020687031228317613,-0.29962793884150046,stem
GSE49027,0.020686869621497336,-0.29963920920051423,
GSE100820,0.02068673784256489,-0.29964839944637317,
GSE111778,0.020685635378591503,-0.2997252874362905,
GSE63199,0.020685596424540913,-0.2997280042427841,
GSE77892,0.02068527728732483,-0.2997502623020277,
GSE77894,0.020684888229724037,-0.2997773973866609,
GSE78241,0.020684846398888006,-0.2997803149369058,alternative
GSE103261,0.02068433444388971,-0.29981602243326877,stem
GSE61577,0.020683175598867024,-0.2998968520488823,
GSE96539,0.020682540073402943,-0.2999411819689893,"changes,stem"
GSE71493,0.020682155731147973,-0.2999679917232729,
GSE94385,0.020680523905707966,-0.3000818250866712,stem
GSE84492,0.020680064438698523,-0.30011387834328745,
GSE98592,0.02067988813231219,-0.3001261779874326,
GSE84137,0.020679579028759557,-0.3001477421996009,alternative
GSE102856,0.02067941378123046,-0.3001592706133533,
GSE92983,0.020678414815307074,-0.3002289649485189,stem
GSE60418,0.020677913931128312,-0.3002639111414088,
GSE81849,0.020677645923385918,-0.3002826101237096,stem
GSE88709,0.02067635850478735,-0.30037243709229394,stem
GSE82014,0.02067555123152907,-0.30042876576654065,
GSE72964,0.020675402616503,-0.30043913583741744,
GSE64092,0.02067421327030487,-0.3005221288145283,
GSE65849,0.020674163385149037,-0.300525609921781,stem
GSE93787,0.020673526254291214,-0.3005700711981941,
GSE64856,0.020673381731221577,-0.30058015672700483,stem
GSE106709,0.020673159312558167,-0.30059567833024436,normal
GSE81357,0.020672608513420305,-0.30063411685619523,body
GSE40969,0.020671930944734244,-0.3006814036319649,
GSE69221,0.020671766639542684,-0.300692870544646,
GSE56905,0.020671267389077243,-0.3007277139560024,
GSE74747,0.0206707633791928,-0.3007628903877047,
GSE96607,0.020670762543182813,-0.30076294873617804,stem
GSE90736,0.020670604441649615,-0.3007739833155615,
GSE64091,0.020670306954964954,-0.30079474640714304,
GSE102365,0.02066914074292801,-0.3008761450912796,changes
GSE83873,0.020669079866850616,-0.3008803942153914,
GSE70386,0.020668768709623794,-0.30090211305193165,alternative
GSE100102,0.020667819904352444,-0.30096834186789767,inflammatory
GSE54447,0.020666767376400916,-0.3010418143255311,
GSE64893,0.02066666849427557,-0.30104871705446556,
GSE64899,0.02066666849427557,-0.30104871705446556,
GSE79108,0.02066580044768909,-0.3011093147655542,
GSE85737,0.02066500746158793,-0.3011646747826285,stem
GSE106663,0.020663653223216484,-0.30125922190566573,
GSE106901,0.020662343282949226,-0.301350682220617,normal
GSE97077,0.020662262949633907,-0.3013562912988973,
GSE106895,0.020662115715034905,-0.30136657165314307,
GSE58707,0.020662103042493597,-0.3013674564908025,
GSE45358,0.020662089143590016,-0.3013684269576505,
GSE67834,0.020661547624429438,-0.30140623810248957,
GSE37236,0.0206611695787634,-0.3014326354279588,
GSE57092,0.020660642080426037,-0.30146946920677287,stem
GSE57849,0.020659225100949623,-0.30156841769832987,
GSE75826,0.020658989962116688,-0.30158483823477755,
GSE81311,0.020657848590118693,-0.30166454674004745,
GSE49843,0.020657654416959558,-0.30167810739565476,
GSE99331,0.020657102570059177,-0.30171664794845554,"changes,normal,splicing"
GSE87531,0.02065706826712509,-0.30171904367233887,
GSE77256,0.020656988179171956,-0.3017246370467377,"changes,stem"
GSE38324,0.020656935643725737,-0.3017283061549085,
GSE94671,0.02065646776706692,-0.3017609833627743,
GSE106188,0.020656442211251323,-0.3017627682405983,
GSE56529,0.020655526199181023,-0.3018267461202432,"alternative,stem"
GSE76069,0.020654848572097755,-0.3018740760821767,inflammatory
GSE73308,0.020654477389040336,-0.3019000026226736,"affected,changes"
GSE41976,0.02065407965323459,-0.3019277843471217,genomic
GSE70249,0.020653922754190302,-0.301938743844552,changes
GSE67674,0.02065255497731495,-0.30203428745050453,stem
GSE34903,0.020652299541092392,-0.30205213119191704,wildtype
GSE100873,0.02065214551360274,-0.3020628910360544,
GSE69940,0.020651862236457215,-0.302082680037428,
GSE81670,0.020651320923217885,-0.30212049552118736,
GSE96950,0.020651191116556514,-0.30212956380383604,"alternative,splicing"
GSE66523,0.02065082338636326,-0.30215525371424795,stem
GSE82013,0.020650422752840097,-0.30218324279695735,
GSE94239,0.020650396931898244,-0.302185046719739,stem
GSE90937,0.020650148613270705,-0.30220239506455077,
GSE106789,0.020649706394084224,-0.3022332904479477,inflammatory
GSE97925,0.020649194425467234,-0.30226905966069695,inflammatory
GSE93622,0.020649133158120038,-0.30227334022618907,
GSE106913,0.020647107176132107,-0.3024148966558109,
GSE41903,0.020646584693009375,-0.30245140508002943,stem
GSE63482,0.02064655219064422,-0.30245367620809394,alternative
GSE72550,0.020646267588455797,-0.30247356316025986,
GSE69970,0.020644301405995994,-0.3026109602344812,normal
GSE86366,0.020642959262057305,-0.302704756934667,
GSE70159,0.02064290732574103,-0.3027083866642635,changes
GSE59119,0.020642875985216146,-0.30271057699789417,
GSE87623,0.02064066988103662,-0.3028647660577598,
GSE69672,0.020640535779080486,-0.30287413924461287,genomic
GSE58523,0.020640436951171907,-0.30288104695652857,stem
GSE61031,0.020640240122642935,-0.30289480465445334,"changes,stem"
GSE73143,0.020638639479825086,-0.3030066894477878,"changes,stem"
GSE48364,0.020638369977661535,-0.3030255284790053,stem
GSE79018,0.020637126228719372,-0.30311247354794124,"changes,splicing"
GSE89798,0.02063620293608229,-0.30317702030178845,
GSE75038,0.020635930862855173,-0.30319604130503675,
GSE44640,0.02063588683578418,-0.30319911932003735,
GSE79602,0.02063465074124301,-0.30328553968525895,
GSE70158,0.020633005595039992,-0.30340056653585323,changes
GSE78905,0.02063178884658859,-0.3034856461772818,
GSE94597,0.02063178459773718,-0.3034859432817905,
GSE86442,0.020631738803179606,-0.30348914550863226,normal
GSE98158,0.020631635409791727,-0.30349637541315655,changes
GSE70904,0.02063050180602901,-0.30357564636893203,
GSE75192,0.020630388128446992,-0.3035835958864581,
GSE80120,0.02063034810751479,-0.3035863945762387,
GSE62979,0.0206298783372068,-0.3036192463248653,"alternative,changes"
GSE85855,0.020629229246653186,-0.30366463944060157,
GSE71209,0.020627966649853214,-0.30375294123149893,
GSE61748,0.02062756979195509,-0.30378069725994794,stem
GSE63968,0.02062692923704357,-0.3038254984533252,"genomic,stem"
GSE89834,0.020626342541790528,-0.303866533857095,"changes,splicing"
GSE102454,0.020625643512849914,-0.3039154277738543,
GSE83755,0.020625079853046128,-0.30395485443779474,
GSE76932,0.020624801227753075,-0.3039743440129415,
GSE52801,0.020623506015513562,-0.3040649463382411,changes
GSE65617,0.02062245023257939,-0.3041388043811755,
GSE70596,0.02062148641136076,-0.3042062324787734,
GSE72343,0.020621407869569543,-0.3042117273333254,
GSE94142,0.02062133490951729,-0.30421683170313574,"genomic,stem"
GSE61095,0.020621049078864574,-0.30423682892081994,"changes,inflammatory"
GSE61184,0.02062097316401089,-0.30424214010475237,stem
GSE65031,0.02062031885683609,-0.3042879178032738,changes
GSE88700,0.020617889801390857,-0.30445787602226326,genomic
GSE73357,0.020616556618068545,-0.30455116583868524,stem
GSE54443,0.020615861812075285,-0.30459978744271016,
GSE104415,0.020615677038586074,-0.3046127179228234,stem
GSE76505,0.02061530979927851,-0.30463841773592476,
GSE68768,0.0206144472298044,-0.30469878310271675,
GSE41090,0.020614439309709378,-0.3046993373879653,body
GSE73561,0.020613296668716908,-0.30477930697419897,
GSE36232,0.020612909432442074,-0.3048064093397187,
GSE44575,0.020612441704665745,-0.30483914592169126,
GSE104686,0.020612209081475964,-0.30485542765196166,stem
GSE63404,0.020611940894311367,-0.3048741987990988,
GSE77323,0.02061024132968156,-0.30499316161631,
GSE109099,0.0206098692258936,-0.30501920872207317,
GSE81576,0.020609587033075846,-0.30503896241199063,"affected,stem"
GSE43717,0.020609436273565852,-0.3050495157914735,genomic
GSE83405,0.02060929645051723,-0.30505930367215384,stem
GSE95583,0.02060899330693883,-0.305080524530167,
GSE85717,0.02060807916171339,-0.30514451902102335,"genomic,stem"
GSE104708,0.02060777618022493,-0.3051657297850493,inflammatory
GSE86209,0.020607616225869627,-0.30517692780315336,stem
GSE70889,0.02060672401271455,-0.3052393910859328,
GSE102789,0.02060656108370713,-0.3052507979354704,
GSE37933,0.020606224778875304,-0.30527434331358344,splicing
GSE105035,0.020605208886642176,-0.30534547030707787,"inflammatory,stem"
GSE73559,0.02060499997016406,-0.3053600978848215,
GSE71396,0.02060401396476902,-0.3054291364255751,
GSE90070,0.020603936177574774,-0.3054345831026847,changes
GSE58405,0.02060310508375648,-0.305492777765229,changes
GSE73562,0.020602944922433603,-0.30550399281477736,
GSE98517,0.020602648440107625,-0.30552475376233357,stem
GSE76992,0.020602161577974034,-0.3055588465580752,
GSE102446,0.020602025832564708,-0.3055683523506253,stem
GSE94813,0.020601503503263622,-0.30560492989165516,genomic
GSE86083,0.020600129651838606,-0.3057011420311624,changes
GSE78708,0.020600123743934377,-0.30570155578124547,
GSE73560,0.020600108485405513,-0.30570262438706297,
GSE93570,0.02059902513512232,-0.30577849705447724,
GSE38842,0.020598551807553725,-0.305811647903951,
GSE60749,0.02059812183540975,-0.3058417628926142,stem
GSE100385,0.020597440587006802,-0.3058894784053947,"changes,normal,stem"
GSE57272,0.020597304120316212,-0.3058990368973412,genomic
GSE22131,0.020596869765175493,-0.30592946071451804,genomic
GSE77482,0.02059628681937856,-0.3059702933712082,wildtype
GSE63093,0.020596238103408316,-0.30597370575191635,
GSE71508,0.020596191166818836,-0.30597699350095553,
GSE49434,0.02059588542202525,-0.30599841007103507,stem
GSE36882,0.020595823897173644,-0.3060027197537247,normal
GSE76602,0.020595753405382736,-0.30600765756692944,changes
GSE69244,0.020595549680478133,-0.30602192819628843,changes
GSE90130,0.020595261751502406,-0.30604209743748456,stem
GSE99078,0.02059481896152154,-0.30607311514361757,stem
GSE67437,0.020594723737643518,-0.30607978572103095,
GSE80745,0.020594687201339727,-0.3060823451528407,"changes,stem"
GSE104820,0.020594284603768172,-0.3061105481156494,changes
GSE59419,0.02059412719603987,-0.3061215750690617,"genomic,stem"
GSE97735,0.020593405220212347,-0.3061721530418127,
GSE74111,0.02059324610690575,-0.30618329995329846,stem
GSE44067,0.020592630997790202,-0.30622639311692906,stem
GSE46104,0.02059059907877442,-0.3063687539509136,stem
GSE83855,0.020589849214010646,-0.3064212947182437,stem
GSE92332,0.020589216869536887,-0.3064656026797039,
GSE64218,0.020588483416981256,-0.3065169969225823,stem
GSE70542,0.020588457216966238,-0.306518832835166,changes
GSE73436,0.020586219967463452,-0.3066756121464703,
GSE89069,0.020585800846452066,-0.30670498470544255,genomic
GSE30641,0.02058467337379813,-0.30678400245968446,
GSE91390,0.02058369676795692,-0.3068524503676018,stem
GSE75889,0.020583056380968728,-0.30689733528377894,"stem,wildtype"
GSE89460,0.020582545077111648,-0.3069331737271833,
GSE71531,0.02058184741333905,-0.3069820759946109,
GSE70383,0.02058183570262683,-0.3069828968631614,"inflammatory,stem"
GSE42880,0.02058113684542603,-0.3070318844729265,"cns,stem"
GSE36639,0.020580389213861395,-0.30708429284813,
GSE104689,0.020579474574729365,-0.3071484109096949,stem
GSE86460,0.02057928201580706,-0.3071619100445231,
GSE74189,0.020578679510198507,-0.30720414886400804,genomic
GSE64040,0.020578227467159094,-0.30723584027617434,stem
GSE87808,0.02057805127825434,-0.307248192552274,normal
GSE41317,0.0205762041782059,-0.3073776956645109,wildtype
GSE64757,0.020574594819209837,-0.30749053985224867,
GSE104920,0.02057336034159625,-0.30757710428660684,glutamate
GSE79812,0.02057297791234416,-0.30760392216683186,
GSE79796,0.02057245280840256,-0.3076407459326433,stem
GSE48962,0.020572401078177892,-0.3076443736494315,changes
GSE65344,0.020571614436733,-0.3076995400544331,
GSE43725,0.020571271478981835,-0.3077235920107234,body
GSE54697,0.02057073347312432,-0.3077613236858595,
GSE49949,0.020570713299175293,-0.3077627385537604,
GSE87464,0.02056755735048492,-0.30798409309598734,
GSE95487,0.020567048782956954,-0.30801976660399233,
GSE72737,0.02056665021124144,-0.3080477250639163,
GSE47919,0.020565608160289323,-0.308120823979503,
GSE65831,0.02056530068843545,-0.3081423935548525,
GSE52619,0.020564465564617836,-0.30820098027197385,
GSE65542,0.020564273578893975,-0.30821444904624223,"alternative,splicing,stem"
GSE58765,0.020564142114036,-0.30822367204671336,
GSE62184,0.020563706697315005,-0.3082542194039069,
GSE86631,0.020563397359757422,-0.3082759218685237,stem
GSE99645,0.020563239943564265,-0.308286965978916,
GSE90466,0.020562542245501303,-0.30833591656329384,stem
GSE38604,0.02056191733501047,-0.30837976177246557,"body,stem"
GSE73574,0.02056143329639241,-0.30841372399116523,changes
GSE63943,0.02056131141550548,-0.3084222758012348,splicing
GSE77083,0.020560687736584572,-0.3084660372187205,
GSE45909,0.020560584328819433,-0.30847329311633565,stem
GSE66817,0.02056057082520774,-0.30847424063804557,
GSE59463,0.020560396629310352,-0.3084864636752386,"stem,wildtype"
GSE90822,0.0205597885342495,-0.30852913350881317,
GSE79174,0.020559644682555646,-0.3085392277201928,"affected,genomic"
GSE90725,0.020558639145783677,-0.3086097891726453,"changes,stem"
GSE87293,0.02055854995723144,-0.30861604796050623,
GSE92425,0.02055806694812795,-0.3086499434942726,stem
GSE80958,0.020557290517067776,-0.3087044318076084,
GSE92344,0.020557231014458135,-0.3087086076616207,"changes,genomic,stem"
GSE102227,0.020556892309146858,-0.30873237800783826,wildtype
GSE81411,0.02055688352033962,-0.30873299481173716,
GSE96939,0.020556786592989096,-0.3087397972503199,
GSE109002,0.020555660837299695,-0.3088188060300093,stem
GSE58332,0.020555027639996327,-0.3088632475435612,"changes,genomic"
GSE84874,0.02055449144626084,-0.3089008818462912,changes
GSE78082,0.02055434254010437,-0.3089113334282343,cns
GSE54704,0.020553628367662342,-0.3089614615672693,changes
GSE96684,0.020552520996814757,-0.30903919195337076,"cns,normal,wildtype"
GSE70481,0.02055117650503557,-0.30913357234934136,affected
GSE89361,0.020550847058149524,-0.3091566997453936,
GSE86997,0.02055053527218818,-0.3091785876739623,body
GSE82099,0.020550099262610633,-0.30920919687805115,
GSE95602,0.020550021452971204,-0.30921465942069004,
GSE85152,0.020549051372743335,-0.3092827646035105,
GSE73467,0.02054804404217797,-0.30935348837592336,stem
GSE62824,0.020547437768809157,-0.3093960559548458,
GSE45474,0.020547308485007718,-0.3094051333730662,"changes,stem"
GSE92441,0.020546510592587212,-0.3094611571481356,
GSE76005,0.020546153005685696,-0.30948626571031407,"changes,genomic"
GSE37338,0.020546104460610722,-0.30948967441761044,"splicing,stem"
GSE93306,0.020544670695633725,-0.3095903532495423,
GSE108067,0.02054389847475826,-0.3096445814327149,"changes,stem"
GSE54424,0.020543682490654247,-0.309659748993737,"changes,stem"
GSE54286,0.020543300789352528,-0.30968655449422144,body
GSE85750,0.020543106168047928,-0.30970022223553983,stem
GSE88905,0.020543085589612802,-0.30970166741237604,normal
GSE68789,0.020542687651265417,-0.3097296140048376,
GSE79578,0.020542598575678604,-0.30973586971919,stem
GSE101823,0.020542529994918703,-0.3097406861150808,"changes,glutamate"
GSE100934,0.020541980755590675,-0.3097792595258567,
GSE100278,0.020539812520369058,-0.3099315460720452,
GSE88777,0.02053930796164838,-0.30996698618642243,"changes,polyadenylation"
GSE51553,0.020538999776555666,-0.30998863348055017,"genomic,stem"
GSE45930,0.020536685522815557,-0.3101511998442476,
GSE35626,0.020536409121573628,-0.3101706170663724,
GSE64002,0.02053628380603923,-0.31017942058458037,"inflammatory,stem"
GSE73697,0.02053557896710586,-0.31022893709370575,
GSE85049,0.020535356633743895,-0.31024455686150704,genomic
GSE73813,0.02053395935710278,-0.3103427247531814,stem
GSE72066,0.020533328849551374,-0.3103870242507841,"stem,tumours,wildtype"
GSE42704,0.0205332864685505,-0.3103900019911854,
GSE49047,0.020532404595292097,-0.31045196486792387,
GSE101091,0.020532021245983873,-0.31047890089026375,
GSE90160,0.020531151254989086,-0.3105400326352089,"normal,stem"
GSE75714,0.020531123397413836,-0.31054199014905853,
GSE63889,0.02053094881375829,-0.3105542579650997,genomic
GSE87130,0.020530861477864867,-0.31056039500871474,
GSE58609,0.020528467129392925,-0.3107286546850278,changes
GSE64735,0.020527544162307204,-0.31079352021851747,wildtype
GSE97390,0.020526152781504933,-0.31089131107944495,"alternative,stem"
GSE87511,0.020525998351627477,-0.3109021653324972,
GSE80353,0.020525958398979235,-0.3109049734562531,
GSE99372,0.02052575831693873,-0.3109190365644835,changes
GSE91052,0.020525147674662944,-0.3109619574482897,"changes,normal"
GSE84357,0.020524371929041788,-0.3110164849736577,wildtype
GSE42923,0.020524327914871646,-0.31101957881220704,"icm,stem"
GSE94271,0.020523584012024233,-0.3110718701419535,
GSE89620,0.02052314088041895,-0.3111030201921026,inflammatory
GSE62479,0.02052247861307576,-0.3111495756990548,
GSE87050,0.020522421891651845,-0.3111535631233628,
GSE67476,0.020522328089423846,-0.311160157292372,
GSE85422,0.020521513934570614,-0.3112173925370033,
GSE45338,0.020521460019030463,-0.31122118289013384,"icm,stem"
GSE100411,0.020520710231265817,-0.311273895262959,
GSE100981,0.02052037513173159,-0.3112974544077508,
GSE66243,0.020520032305879697,-0.31132155714879606,
GSE76926,0.02051990252601044,-0.3113306815674654,
GSE83222,0.02051936347937288,-0.31136858087642266,
GSE86780,0.02051754522117008,-0.31149642637829006,wildtype
GSE123021,0.020517263459319313,-0.31151623865171807,
GSE57654,0.020516642455258773,-0.31155990592923455,
GSE75738,0.020516240840963665,-0.3115881470327289,"changes,stem"
GSE60440,0.020515693327488208,-0.3116266485068572,body
GSE75246,0.02051503468084159,-0.3116729662934031,normal
GSE100473,0.020514918251035175,-0.31168115410217806,wildtype
GSE54154,0.020514403533252564,-0.3117173516682198,"changes,inflammatory"
GSE90091,0.020514364744479496,-0.31172007952834807,stem
GSE83338,0.02051336321693833,-0.31179051476271435,
GSE89683,0.02051291485221032,-0.3118220483845823,"changes,stem"
GSE89210,0.020512477186583798,-0.3118528302003111,stem
GSE81230,0.020512179450565275,-0.3118737708887964,wildtype
GSE91043,0.020510655545786304,-0.3119809565510557,
GSE107632,0.02050953886333759,-0.31205950480050265,changes
GSE36026,0.020507669598276237,-0.31219099982598747,
GSE97013,0.02050755697516401,-0.3121989227765147,"inflammatory,normal"
GSE66814,0.02050736321322599,-0.31221255388372204,
GSE37228,0.02050699151148891,-0.3122387033748644,
GSE73077,0.020506912381608945,-0.312244270281429,
GSE83243,0.020506504897660104,-0.3122729377327778,
GSE43110,0.020505381530791237,-0.3123519721763189,"genomic,stem"
GSE57231,0.02050417101138714,-0.3124371430808247,"changes,splicing,stem"
GSE68156,0.02050415735328405,-0.3124381040796451,
GSE94673,0.020503755111970886,-0.31246640649802615,
GSE81494,0.020503673571984054,-0.31247214386505523,stem
GSE100674,0.02050293311715054,-0.3125242452507916,genomic
GSE62559,0.020502278000194125,-0.31257034348848145,wildtype
GSE80444,0.02050183316175338,-0.3126016460186083,body
GSE68511,0.020501227158613054,-0.31264429052945913,
GSE84517,0.020501110208000117,-0.31265252050268255,changes
GSE60226,0.020499853471420245,-0.31274096172305144,
GSE55552,0.020499758102269616,-0.3127476734256937,
GSE75580,0.02049940234871132,-0.3127727102258963,
GSE60188,0.020498144321248257,-0.3128612496693634,splicing
GSE90731,0.020497954131940947,-0.31287463558562567,
GSE106083,0.02049752413157573,-0.3129049003572921,
GSE63312,0.020496601369534576,-0.31296984938131167,stem
GSE69227,0.02049640773252898,-0.31298347898078877,
GSE60808,0.0204962307842947,-0.31299593401414744,"genomic,stem"
GSE92361,0.020495465674333715,-0.31304978981627013,stem
GSE106085,0.020495252769891427,-0.3130647764373752,
GSE74549,0.020495141169417863,-0.3130726322023142,changes
GSE94821,0.020494556473121126,-0.31311379076147894,changes
GSE75576,0.020494262421544358,-0.3131344903943554,
GSE43390,0.02049396386724993,-0.31315550729794045,stem
GSE72846,0.020492855121088043,-0.31323356081022696,genomic
GSE77051,0.020490971150766712,-0.31336619823766737,
GSE76138,0.020489604669652335,-0.3134624104303193,
GSE36892,0.020488478126340325,-0.3135417337338563,
GSE90752,0.020486989546555076,-0.31364655580408785,stem
GSE74683,0.02048438816940049,-0.3138297565717782,
GSE45597,0.02048285641053936,-0.31393764085525766,normal
GSE97060,0.02048102595392205,-0.31406657349218986,
GSE99783,0.020480923863914393,-0.3140737647879374,
GSE60738,0.020480827901260563,-0.31408052450102725,stem
GSE54826,0.020480518640721944,-0.31410230936324895,
GSE71499,0.020480231502354743,-0.3141225361948851,
GSE58818,0.0204762664482032,-0.31440187472554076,
GSE60982,0.020475150803273712,-0.3144804817929191,
GSE76097,0.020474965844949,-0.3144935141591088,
GSE58801,0.020474607462473118,-0.31451876651604205,"genomic,stem"
GSE54695,0.02047436811616636,-0.3145356315889743,
GSE103180,0.02047303384908396,-0.3146296517422097,"changes,genomic"
GSE94839,0.020471546043209984,-0.3147344983501261,
GSE61033,0.02047097050422312,-0.3147750589854882,"changes,stem"
GSE55291,0.020470379450680757,-0.314816714183251,
GSE48172,0.020468350831557663,-0.31495969266504376,stem
GSE78809,0.020467953304549633,-0.31498771230458983,stem
GSE60537,0.020466251492391792,-0.31510767046545973,
GSE102455,0.020465409120838267,-0.3151670516508218,
GSE84148,0.020465293294550782,-0.31517521676897026,
GSE64008,0.020465124035207925,-0.31518714870763576,stem
GSE70135,0.020465047417770058,-0.3151925498869484,
GSE94118,0.020464885286096864,-0.31520397949581586,changes
GSE62741,0.02046460732075686,-0.3152235751072943,
GSE75330,0.020464078508330288,-0.3152608553204243,
GSE74558,0.02046355731008392,-0.3152975996918184,"changes,wildtype"
GSE102727,0.020461652283893714,-0.31543191161674805,stem
GSE70819,0.02046149131759761,-0.31544326095390574,inflammatory
GSE58733,0.02046018077898027,-0.315535667127354,
GSE76315,0.020459538098191062,-0.31558098475968305,
GSE65358,0.020459143058020917,-0.3156088411068738,stem
GSE60627,0.02045866921698612,-0.3156422548244259,changes
GSE96700,0.02045852572256999,-0.3156523737332537,changes
GSE41287,0.02045787946820923,-0.31569794704093584,normal
GSE84410,0.020456423675397517,-0.31580061358586176,
GSE64545,0.020454960888697003,-0.31590378071853625,stem
GSE96526,0.020454308375960094,-0.31594980338805134,
GSE31271,0.020454206098662362,-0.3159570172872666,stem
GSE38841,0.020453755989271436,-0.31598876516973395,
GSE72761,0.02045249782261859,-0.3160775120297906,
GSE60005,0.020451292169546487,-0.31616255988031966,
GSE57694,0.020448745339064787,-0.3163422320730363,
GSE78224,0.0204463590453789,-0.3165105991244211,
GSE74957,0.020445761363308477,-0.31655277218614886,
GSE63794,0.020444740204388707,-0.31662482906260364,"inflammatory,wildtype"
GSE61470,0.020443975526571536,-0.3166787900088021,
GSE56566,0.020443714977110398,-0.31669717663865876,stem
GSE89195,0.02044281114364008,-0.3167609607841633,
GSE76824,0.02044273443975388,-0.3167663739596345,stem
GSE73111,0.02044079372374475,-0.3169033416573856,
GSE69869,0.020440686277447433,-0.3169109251519311,changes
GSE81467,0.020439863426501302,-0.3169690027946307,
GSE84256,0.02043978798743463,-0.31697432747640314,
GSE79903,0.02043837008985206,-0.3170744099609328,
GSE60930,0.020437797359929358,-0.3171148381454156,
GSE93027,0.020436623390357685,-0.3171977105163793,"changes,stem"
GSE62822,0.020436272410248788,-0.31722248768240335,
GSE102857,0.020436030669712432,-0.3172395534138013,stem
GSE65422,0.020435954583777356,-0.31724492476048466,normal
GSE54113,0.020435931195692078,-0.3172465758648564,
GSE83848,0.02043560303800756,-0.31726974267143565,
GSE82229,0.020435075013843985,-0.31730702014656503,"affected,body"
GSE98496,0.020434458916165337,-0.3173505166575494,changes
GSE90573,0.020434058394357434,-0.31737879421025134,changes
GSE71943,0.0204337024360002,-0.31740392596918915,"genomic,stem"
GSE74650,0.020433559019637223,-0.3174140517309005,
GSE87644,0.0204309537104474,-0.317598009223704,stem
GSE96626,0.020430602596437804,-0.3176228027208796,
GSE89270,0.02043052598674716,-0.31762821247947465,"alternative,changes,normal,splicing"
GSE70520,0.020429869652576923,-0.3176745600508984,
GSE70546,0.02042851894154582,-0.31776994629465444,stem
GSE89261,0.020428074244015975,-0.31780135189512193,
GSE61677,0.0204277840992733,-0.3178218429775948,
GSE75066,0.020426442143891985,-0.31791662055888553,changes
GSE67186,0.020424361837520538,-0.3180635575782682,normal
GSE94082,0.02042360815931729,-0.31811679536739007,
GSE73336,0.02042292319649303,-0.3181651809921689,
GSE102858,0.020422656412106614,-0.3181840270222638,stem
GSE65732,0.02042158552696477,-0.31825967835574476,stem
GSE72909,0.02042053371814314,-0.31833398592838347,
GSE84615,0.02042051202526575,-0.31833551851434283,
GSE38148,0.020418944282571117,-0.31844628270253356,stem
GSE77410,0.020417644498115176,-0.31853812154830574,normal
GSE89434,0.02041750508221485,-0.3185479726021205,
GSE87890,0.02041683584921238,-0.318595261188733,glutamate
GSE42573,0.020415790650684842,-0.31866911892760513,inflammatory
GSE74966,0.020415625699201925,-0.3186807753778421,"changes,splicing"
GSE53090,0.020415253552497854,-0.31870707381737134,"body,stem"
GSE94072,0.020414501163381487,-0.31876024425910815,
GSE97993,0.020414375802948057,-0.31876910352191784,normal
GSE84961,0.020414337857098827,-0.318771785178213,
GSE68822,0.020413524916357104,-0.3188292373932987,
GSE78902,0.020412696251524077,-0.3188878032174742,
GSE70699,0.020412628254609582,-0.3188926089997931,changes
GSE98778,0.020412577474754244,-0.31889619795147933,
GSE95692,0.02041207804901923,-0.3189314961810414,"changes,normal"
GSE88829,0.020411720185216337,-0.3189567896792503,"changes,genomic"
GSE39513,0.02041023815195575,-0.3190615432052208,
GSE83153,0.02040934886710653,-0.3191244035590756,
GSE76143,0.020407247495840684,-0.31927295283447427,stem
GSE77195,0.020407064703399695,-0.319285875445878,inflammatory
GSE77646,0.020406071499698503,-0.3193560925469336,
GSE102768,0.020405653573706755,-0.31938563992601104,changes
GSE79600,0.020402670291971983,-0.31959657560600446,
GSE106165,0.020400316664256284,-0.3197630127857603,
GSE90067,0.020400182177496687,-0.3197725236195316,"normal,stem"
GSE83720,0.02039944487105391,-0.31982466666228354,genomic
GSE73127,0.020398719703300736,-0.3198759530832458,
GSE80010,0.020397850681835295,-0.31993741574772816,affected
GSE58018,0.020397428634379575,-0.3199672665432916,"changes,normal,stem"
GSE58016,0.020397428634379575,-0.3199672665432916,"changes,normal,stem"
GSE90478,0.02039541819159464,-0.3201094706826857,
GSE93331,0.02039487830519426,-0.32014766071803297,
GSE89806,0.02039455552995759,-0.32017049340726117,
GSE82230,0.02039413712296351,-0.3202000914971333,"affected,body"
GSE58017,0.020393489249964095,-0.32024592319888096,"changes,normal,stem"
GSE65935,0.02039307858115772,-0.3202749754031692,
GSE89500,0.02039209746850743,-0.3203443852472597,
GSE58836,0.02039172980688121,-0.3203703967150558,stem
GSE89463,0.02039145479485279,-0.3203898536796584,
GSE94852,0.020391095315841472,-0.3204152870370889,inflammatory
GSE93909,0.020391081751272504,-0.3204162467473246,
GSE109556,0.020390602003905484,-0.3204501898847128,
GSE85535,0.020390144461309757,-0.3204825627317591,inflammatory
GSE60941,0.020389925845721035,-0.3204980308574067,"stem,wildtype"
GSE86788,0.020389899499535825,-0.3204998949904884,changes
GSE93085,0.020389840762650074,-0.3205040509470123,
GSE59784,0.02038964427211354,-0.3205179538161831,"changes,genomic"
GSE46688,0.02038796865803043,-0.32063651887950073,biomarkers
GSE95363,0.020386903293144264,-0.3207119082830628,
GSE64510,0.020386762440177123,-0.32072187588708045,
GSE98299,0.020386181566907604,-0.3207629827046423,
GSE78127,0.02038260445231569,-0.3210161511700097,stem
GSE92282,0.020381279065573642,-0.3211099660235353,
GSE77541,0.020380970334821665,-0.32113181978928224,
GSE82300,0.020380217924393505,-0.3211850811803212,
GSE30578,0.020380075847211434,-0.3211951387155856,
GSE67120,0.020378250883976275,-0.3213243327047449,stem
GSE83684,0.020377619325686238,-0.3213690450864682,
GSE46240,0.020377482394925543,-0.3213787395453732,genomic
GSE101995,0.020377206350899922,-0.32139828317871166,
GSE50927,0.020376743842547902,-0.32143102888815545,
GSE79638,0.020376319290664115,-0.32146108792422634,"inflammatory,stem"
GSE94297,0.020375997748180417,-0.32148385412651287,
GSE65179,0.0203752975837067,-0.32153342917957106,
GSE66567,0.02037433033331245,-0.3216019180183006,stem
GSE103126,0.02037329356299563,-0.32167533301784734,
GSE76711,0.02037165319566234,-0.3217914971072137,stem
GSE44346,0.020369504647099045,-0.3219436626579432,
GSE98831,0.020368339439631844,-0.3220261922602176,soft
GSE69823,0.02036694070201896,-0.3221252686289764,stem
GSE70813,0.020366500782064968,-0.32215643075586353,
GSE76130,0.020366486943403022,-0.32215741104088946,"alternative,stem"
GSE102161,0.020365766921472104,-0.3222084159311477,
GSE90136,0.02036541744543951,-0.3222331727530757,
GSE102159,0.02036469666412531,-0.3222842341188688,
GSE65864,0.02036440522692201,-0.32230488053572626,
GSE65796,0.0203621001908855,-0.32246818765124624,body
GSE70014,0.020361531654912474,-0.32250847011092526,"affected,stem"
GSE58495,0.020360784950063184,-0.3225613780726037,"stem,wildtype"
GSE83298,0.020360499623043225,-0.3225815955034166,
GSE84370,0.020359738240943785,-0.3226355461793867,"changes,stem"
GSE96966,0.020359658714476883,-0.3226411814514189,"normal,stem"
GSE97804,0.020359170981971864,-0.32267574282125944,changes
GSE46815,0.020358819397069104,-0.32270065710563123,stem
GSE95315,0.02035857782762536,-0.3227177756378694,
GSE41908,0.02035832163379757,-0.3227359307316882,
GSE71529,0.02035757396066389,-0.32278891565595624,
GSE99811,0.02035603876455817,-0.3228977156204551,
GSE100217,0.02035488733545176,-0.3229793232487421,"affected,genomic,normal"
GSE101994,0.02035465044838187,-0.3229961132109767,
GSE92720,0.020353863269497192,-0.32305190788239246,stem
GSE50554,0.02035364812623347,-0.3230671574571767,
GSE71463,0.020352687546805758,-0.32313524627696777,
GSE98563,0.020351127525850995,-0.3232458322007787,"alternative,cns"
GSE84914,0.020350925993214225,-0.3232601189558934,
GSE98723,0.020350374964804074,-0.3232991823733298,stem
GSE72808,0.02034921058425659,-0.32338173093098016,"changes,wildtype"
GSE52477,0.020348689617878953,-0.3234186662817376,"genomic,stem"
GSE101903,0.02034732150448464,-0.3235156669634093,stem
GSE67741,0.02034646708748353,-0.32357624933792806,
GSE104762,0.02034637694469645,-0.32358264105396484,
GSE68472,0.020345761840516768,-0.32362625673877354,n3
GSE50459,0.02034481232015638,-0.3236935877285007,genomic
GSE50172,0.020343597723338328,-0.3237797200106289,genomic
GSE74176,0.020342836711904663,-0.32383368922355077,
GSE41710,0.02034130887495368,-0.32394204606682286,stem
GSE96086,0.02033961456771215,-0.32406221878905506,
GSE62266,0.020339486387510083,-0.32407131067837996,"genomic,stem"
GSE67957,0.020338110986601984,-0.3241688721961784,
GSE82144,0.020337489849931247,-0.3242129335389109,
GSE86526,0.02033535772471808,-0.3243641895565166,stem
GSE56986,0.020334853063998595,-0.3243999932321429,stem
GSE49087,0.02033480912206169,-0.32440311078026374,stem
GSE23943,0.020334261797741154,-0.32444194235743945,"genomic,stem"
GSE94364,0.02033375196525349,-0.3244781149035571,stem
GSE55113,0.020333661867324684,-0.3244845074337346,
GSE100389,0.020332103198234586,-0.3245951009102938,stem
GSE99866,0.020331428234306788,-0.3246429947885279,stem
GSE49088,0.02032930095649383,-0.32479395190195043,stem
GSE75616,0.02032926826033383,-0.3247962722289468,changes
GSE81470,0.020327710087090983,-0.3249068544169387,genomic
GSE72537,0.020326653747744613,-0.3249818267147731,
GSE86962,0.020325848209401524,-0.3250390013592363,stem
GSE97462,0.02032528494157639,-0.32507898173051153,normal
GSE79363,0.020324871449009907,-0.32510833185991317,
GSE51008,0.020324246940864068,-0.32515266122501413,"changes,genomic"
GSE86865,0.020323119278614053,-0.32523270935051996,changes
GSE90574,0.020322884465818782,-0.3252493783080593,stem
GSE93974,0.020322823486082973,-0.32525370718640234,
GSE65970,0.02032257465018754,-0.32527137188296346,stem
GSE96541,0.020322369670129264,-0.32528592344495977,
GSE77851,0.020317639499491346,-0.3256217596759122,"changes,stem"
GSE98388,0.020315481786881157,-0.32577498055517334,
GSE79035,0.02031399657739902,-0.3258804559115786,
GSE85657,0.020313800178265132,-0.32589440419719196,
GSE69080,0.020311783150631247,-0.32603766150102304,
GSE67691,0.020311702442483343,-0.3260433940098437,"alternative,splicing,stem"
GSE58998,0.02031052517798939,-0.32612701491136503,
GSE69969,0.0203093001095574,-0.3262140364649835,
GSE67715,0.02030828580241382,-0.32628609076626347,"alternative,splicing,stem"
GSE84737,0.02030667317993818,-0.32640065557233255,
GSE92704,0.02030607742518001,-0.326442981808426,
GSE51006,0.020305794558746246,-0.3264630788874965,
GSE54016,0.020304121826708873,-0.3265819287858077,stem
GSE77456,0.020302951656415165,-0.3266650768058637,
GSE58372,0.020302945003624475,-0.32666554954253135,
GSE72921,0.020302124364933956,-0.3267238640036441,
GSE81904,0.020302108737003798,-0.3267249745448668,
GSE69276,0.020301804028738688,-0.32674662768482576,
GSE88840,0.020300315012446883,-0.3268524446456978,stem
GSE60896,0.02030010418573622,-0.3268674276757242,stem
GSE55338,0.02029769403120811,-0.3270387235657617,stem
GSE106275,0.020296886251096925,-0.3270961391297402,
GSE83964,0.020296305426984424,-0.32713742447992583,stem
GSE67324,0.020294896314105113,-0.3272375900368273,stem
GSE63048,0.02029416923608662,-0.3272892764621004,
GSE71889,0.02029316339803881,-0.32736078239607697,stem
GSE74890,0.020292694041021665,-0.32739415062253807,
GSE78752,0.020292049879202734,-0.3274399475881962,
GSE84703,0.020291997496289422,-0.3274436718381984,"changes,stem"
GSE54588,0.02029172494647154,-0.32746304937416554,
GSE69464,0.020291302689403757,-0.3274930711942801,
GSE52450,0.02029007344340861,-0.3275804722275013,changes
GSE61401,0.02028929230972885,-0.3276360146276982,
GSE58916,0.020289248926789884,-0.3276390994281372,tumours
GSE92629,0.020287799309530615,-0.32774218014607603,stem
GSE74149,0.020287563496228594,-0.3277589492718648,stem
GSE95376,0.020287428241834108,-0.32776856755326544,biomarkers
GSE72341,0.0202863162658199,-0.32784764540526834,stem
GSE93279,0.020285394968072218,-0.32791316651106195,splicing
GSE78795,0.02028420410290668,-0.3279978631956988,stem
GSE46316,0.020283592796363267,-0.32804134245689226,stem
GSE57249,0.020283081900126752,-0.3280776810265376,icm
GSE75431,0.020282262673630872,-0.328135952145176,
GSE72059,0.020280026494531044,-0.32829502228481994,
GSE92721,0.020280002418497353,-0.32829673502395457,
GSE59813,0.020279014738128088,-0.3283669991314649,
GSE71281,0.020277286573890514,-0.32848994988862185,
GSE31234,0.020277153833987618,-0.3284993941417152,"alternative,changes"
GSE79169,0.020277072099443034,-0.32850520946771034,
GSE70314,0.020276426511066137,-0.3285511432185231,stem
GSE70031,0.02027609345364443,-0.32857484089704275,stem
GSE81149,0.020275764704610295,-0.32859823240721225,
GSE76642,0.020273308491315048,-0.32877301158046884,icm
GSE74672,0.02027123790422921,-0.3289203668224746,
GSE79975,0.020270644218215516,-0.3289626198123717,wildtype
GSE99656,0.020270258365401073,-0.3289900818522598,
GSE53913,0.02027020028395553,-0.3289942156887404,
GSE78938,0.020269382705208887,-0.32905240655882384,stem
GSE92999,0.020269145713204602,-0.3290692748173746,
GSE77010,0.020268646707732936,-0.32910479291919476,
GSE94121,0.02026800351527093,-0.32915057522090185,
GSE70941,0.020267128292985152,-0.32921287568942065,inflammatory
GSE92762,0.02026691555563265,-0.3292280192622956,
GSE60415,0.02026414931146275,-0.3294249470639749,alternative
GSE62398,0.02026366348705979,-0.329459535481584,changes
GSE73932,0.020263047863795756,-0.32950336616019277,
GSE69129,0.020262715567126558,-0.3295270253200051,
GSE67015,0.02026255510099968,-0.3295384504718507,
GSE57403,0.020262513121325303,-0.32954143943007796,"changes,stem"
GSE33343,0.02026167964274038,-0.32960078449480645,genomic
GSE70725,0.020261495659101996,-0.3296138847654898,
GSE76217,0.020261449293101336,-0.32961718620368985,
GSE83651,0.020260461069189294,-0.3296875533569028,"genomic,tumours,wildtype"
GSE65987,0.020258864537425106,-0.32980124273477496,"genomic,wildtype"
GSE99938,0.020258005929103894,-0.3298623881269536,stem
GSE94774,0.020257205663717175,-0.32991938098763846,
GSE94085,0.020256171687440514,-0.3299930214760198,stem
GSE69097,0.020253940840314413,-0.3301519167191203,
GSE48553,0.020252203463662317,-0.3302756759524289,wildtype
GSE100858,0.020252193980888376,-0.3302763514717206,
GSE66873,0.02025022000816841,-0.3304169771962501,
GSE71217,0.020249422902856598,-0.3304737668268693,genomic
GSE89622,0.020247928150645637,-0.33058026621742176,
GSE66734,0.020247504299935343,-0.33061046652796716,stem
GSE70732,0.020244453277558305,-0.33082787734851826,changes
GSE89665,0.020244006255377752,-0.3308597341635476,changes
GSE96972,0.0202439638325265,-0.3308627574436471,
GSE67291,0.02024391843644024,-0.33086599261945043,
GSE106332,0.020243829185419025,-0.330872353161257,stem
GSE69771,0.020243361559623516,-0.3309056793270784,genomic
GSE58757,0.020242462310183545,-0.33096976806648265,stem
GSE100212,0.020242150565414032,-0.33099198651448375,"biopsies,changes"
GSE101623,0.02024186517549197,-0.3310123269188507,inflammatory
GSE101624,0.02023942961647398,-0.33118592654995666,inflammatory
GSE90800,0.02023936131467091,-0.33119079520686573,"changes,inflammatory"
GSE38990,0.020237827022813827,-0.3313001662054686,stem
GSE62647,0.02023770580762009,-0.3313088073052468,
GSE48109,0.020237202553591353,-0.33134468346264917,
GSE81902,0.020236819254315877,-0.3313720088402233,
GSE56240,0.020235956047954976,-0.3314335486544329,"affected,wildtype"
GSE56018,0.020235956047954976,-0.3314335486544329,"affected,wildtype"
GSE45118,0.02023428652556252,-0.3315525798993401,
GSE104305,0.02023410302738391,-0.33156566329184584,
GSE90470,0.020234054446486977,-0.3315691271223467,"changes,stem"
GSE65246,0.02023399888111724,-0.3315730889577587,"normal,stem"
GSE50932,0.02023285324134681,-0.3316547760042771,
GSE101928,0.020232801369709914,-0.3316584746941429,
GSE47708,0.020232371829947974,-0.3316891032487956,
GSE85723,0.020230208638322915,-0.33184336062916137,stem
GSE67403,0.020229662693191243,-0.3318822946300956,
GSE71385,0.020229387863725735,-0.3319018944527077,
GSE65072,0.020229040139338694,-0.33192669325352886,
GSE75715,0.02022896057189411,-0.331932367857103,
GSE101340,0.020228876695267003,-0.33193834980780246,
GSE27843,0.020227395919953508,-0.33204396048640966,"changes,genomic,stem"
GSE68461,0.020226187483259127,-0.3321301533761399,stem
GSE50739,0.020225463727200067,-0.3321817784270876,stem
GSE84535,0.020225185536073095,-0.3322016221115087,
GSE61188,0.020224356809697214,-0.33226073770904435,stem
GSE65395,0.020223793601184523,-0.3323009144844986,stem
GSE99765,0.02022349897771393,-0.3323219320504646,
GSE62050,0.02022168471911145,-0.3324513626353303,
GSE79525,0.020221502319765865,-0.3324643757854111,
GSE65487,0.020219886329820313,-0.3325796725523948,"genomic,stem"
GSE82158,0.020218931405993183,-0.3326478082668998,normal
GSE59269,0.020218688817032236,-0.33266511798438597,
GSE78128,0.020216546203183215,-0.3328180112902302,
GSE85745,0.020216447041731294,-0.33282508767629293,stem
GSE72442,0.020212814841930767,-0.3330843136136308,
GSE33306,0.020210897652526174,-0.33322116000788055,"alternative,splicing"
GSE47703,0.020209110520757304,-0.33334873475407995,
GSE70132,0.020208340739752754,-0.3334036891959527,stem
GSE99709,0.020208317673715618,-0.33340533590593296,
GSE73049,0.02020802557603836,-0.33342618924577305,
GSE58905,0.020207504541601348,-0.3334633875107104,
GSE103667,0.020207484361486987,-0.3334648282509756,
GSE103583,0.020206989057219602,-0.3335001904838529,stem
GSE96096,0.0202052939721248,-0.33362121759136953,
GSE80707,0.020204336857798096,-0.33368955892805574,normal
GSE87046,0.020203994440957072,-0.3337140094837999,
GSE82076,0.020203613742234512,-0.3337411940752083,
GSE56762,0.02020268605507485,-0.33380743966917226,
GSE48229,0.02020212028091859,-0.333847842761951,stem
GSE78240,0.020201909867618703,-0.33386286909586727,"affected,alternative,genomic"
GSE77729,0.02020181198879594,-0.33386985901094024,"changes,normal,tumours"
GSE100634,0.02019946296111872,-0.33403762255745495,
GSE60520,0.020193593572868002,-0.3344568895359188,normal
GSE77769,0.02019272745854451,-0.334518768845924,stem
GSE72402,0.02019258547423046,-0.3345289131311053,changes
GSE98910,0.020192336331320213,-0.3345467136975059,
GSE54287,0.020191566675541027,-0.33460170484463536,body
GSE71387,0.02019035135634134,-0.3346885424723891,"genomic,tumours"
GSE84759,0.02018987206452776,-0.33472279052076737,
GSE78497,0.02018973585238391,-0.3347325237794382,genomic
GSE59958,0.02018817089476055,-0.334844355064685,changes
GSE89928,0.020187682668321046,-0.33487924531719876,"normal,stem"
GSE59073,0.020187129229803345,-0.33491879685774784,
GSE60066,0.020186423132983293,-0.334969259713809,stem
GSE74406,0.020186065587674013,-0.334994813196438,
GSE57206,0.020185636647207555,-0.33502546983212883,
GSE77705,0.020185194262236132,-0.3350570880371587,"body,failing,normal,stem"
GSE79790,0.020184608698163277,-0.3350989406260811,changes
GSE69669,0.02018401356728932,-0.33514147823635454,stem
GSE79580,0.020183122208423224,-0.33520519140258564,
GSE48020,0.020182704315163624,-0.33523506283519044,
GSE72560,0.02018174848191392,-0.33530338908732393,
GSE103822,0.020181095655170525,-0.33535005725085276,changes
GSE83127,0.020180484219717517,-0.3353937678736123,"affected,changes"
GSE97914,0.02018039979871044,-0.3353998031115026,
GSE103185,0.020177445088693916,-0.33561105054097334,
GSE104325,0.020177445088693916,-0.33561105054097334,
GSE82275,0.020177036458596618,-0.3356402680450693,
GSE84480,0.020176401713526696,-0.33568565419337104,stem
GSE88764,0.02017639070072927,-0.33568644165353345,
GSE69807,0.020174983583900803,-0.33578705981126356,
GSE66551,0.02017432561104484,-0.335834111629268,
GSE62535,0.020173601677850712,-0.33588588206207054,
GSE71924,0.02017178694683549,-0.3360156665815522,changes
GSE75648,0.02017121752273243,-0.3360563926177263,
GSE56983,0.02017043978275464,-0.3361120195643685,
GSE80036,0.020168986953389048,-0.3362159372395311,inflammatory
GSE84987,0.020167485233727786,-0.33632335979741157,
GSE62874,0.020167407830584103,-0.33632889689559414,
GSE70849,0.020164315980918245,-0.3365500923103845,"alternative,wildtype"
GSE94133,0.02016306152893376,-0.33663984729914803,
GSE81882,0.02016042618529195,-0.3368284221186398,
GSE39160,0.020158991838343732,-0.3369310687009277,wildtype
GSE74429,0.02015643509298885,-0.33711405591599714,
GSE95383,0.020155878979268214,-0.33715386025496624,"normal,stem"
GSE72369,0.020154901013601095,-0.33722386168975055,
GSE53793,0.02015309760747686,-0.3373529559223042,
GSE81384,0.02015116200489789,-0.3374915261017747,
GSE90797,0.020150177987878246,-0.33756197718230596,
GSE99658,0.020150157880414996,-0.33756341681981217,changes
GSE68220,0.02014989932399807,-0.3375819288560906,
GSE68056,0.020148778957284688,-0.337662147243925,wildtype
GSE72178,0.0201476133251877,-0.3377456113731455,"affected,tetraploid,stem"
GSE101643,0.020146533733833304,-0.33782291893303834,changes
GSE90047,0.020145911025571683,-0.3378675118152224,stem
GSE71362,0.020145849575277524,-0.33787191241888537,stem
GSE56248,0.02014578316646542,-0.33787666812906025,
GSE60599,0.02014459174688454,-0.3379619914910369,
GSE107586,0.02014396702451563,-0.3380067329209175,
GSE64138,0.020143670663968504,-0.33802795818584697,
GSE58371,0.020143048911621497,-0.3380724889412528,
GSE75976,0.02014233353662887,-0.3381237267794772,
GSE39657,0.020141667120617053,-0.33817145962923495,stem
GSE67113,0.02014114162592753,-0.338209099933187,
GSE90153,0.020138917731244405,-0.3383684046554375,
GSE74724,0.020138794517737472,-0.3383772313491844,changes
GSE31182,0.020138685062624794,-0.3383850724728051,
GSE58286,0.02013807268605953,-0.3384289425697701,
GSE73391,0.02013782272470815,-0.3384468499557324,
GSE47707,0.020137537380755025,-0.33846729244488954,"alternative,stem"
GSE95835,0.02013736430447935,-0.3384796920423642,
GSE53683,0.02013734188509204,-0.3384812982285765,affected
GSE46716,0.020136574859929635,-0.33853625108579055,stem
GSE62715,0.02013387738503354,-0.3387295259781443,"inflammatory,stem"
GSE83240,0.02013336203520928,-0.33876645389505794,"changes,splicing,wildtype"
GSE79403,0.02013292747666162,-0.3387975933652852,inflammatory
GSE65633,0.02013252556388742,-0.33882639411244875,
GSE66775,0.02012588738508617,-0.3393021638719787,
GSE35510,0.020122844425463596,-0.3395203105100463,stem
GSE36799,0.020119071888448317,-0.33979080560361985,"genomic,stem"
GSE75332,0.020117750190472152,-0.33988558481420034,
GSE73698,0.02011755538505869,-0.339899554873576,
GSE80776,0.02011684537303844,-0.33995047303322967,inflammatory
GSE89532,0.020116626211598043,-0.3399661904501348,
GSE36896,0.020114432096626986,-0.34012355338932354,
GSE64515,0.02011390349823754,-0.3401614672758337,
GSE97461,0.02011380381068321,-0.3401686175088392,
GSE107915,0.02011241277595929,-0.34026839516972784,wildtype
GSE78760,0.020110894246985745,-0.3403773257566321,body
GSE71713,0.020110511026337072,-0.3404048171148113,"changes,stem"
GSE57244,0.020110155788526696,-0.340430301517133,stem
GSE89992,0.020109615137076726,-0.34046908817095134,
GSE93774,0.02010891932129911,-0.34051900793980183,"changes,wildtype"
GSE66781,0.02010876222675009,-0.34053027858087836,
GSE56867,0.020107409947580264,-0.3406273005671819,
GSE80168,0.02010645372332459,-0.3406959107362115,"stem,wildtype"
GSE65955,0.020106417044105537,-0.3406985425765363,"changes,stem"
GSE45152,0.020106239200020293,-0.3407113034734181,cardiomyocytes
GSE61250,0.020105898598624817,-0.3407357430566426,
GSE52125,0.020103942277460114,-0.340876125350302,stem
GSE98003,0.020103125224311662,-0.3409347597446419,stem
GSE66961,0.020103110451482636,-0.34093581991288785,
GSE48968,0.020101686708403704,-0.3410379981217302,
GSE86955,0.020101473163898095,-0.34105332426028406,
GSE85308,0.020101425540684482,-0.3410567422115425,affected
GSE90827,0.020100791752295538,-0.34110223041728577,stem
GSE83474,0.020100757050149215,-0.3411047210981625,changes
GSE98034,0.02009818372971439,-0.3412894282851175,
GSE68958,0.02009812617150008,-0.3412935599554402,stem
GSE103958,0.020097003862644618,-0.3413741244128342,changes
GSE76678,0.02009658328050292,-0.34140431687950684,stem
GSE81889,0.020095597025474504,-0.3414751199674707,changes
GSE70486,0.02009500617326317,-0.3415175388160278,stem
GSE76482,0.020094593968485595,-0.3415471328297209,stem
GSE76772,0.020093871188698327,-0.34159902586971547,
GSE62424,0.02009373328700561,-0.34160892693701267,
GSE38808,0.020093388742754636,-0.3416336648260254,
GSE77390,0.020091409634616156,-0.3417757707772492,
GSE53915,0.020091107553043882,-0.34179746237930786,
GSE77172,0.02008975855171122,-0.34189433423510296,
GSE107413,0.020089397712476566,-0.34192024722197545,
GSE98086,0.020088828272526192,-0.34196114142137823,
GSE96107,0.020088798501888137,-0.34196327942480637,stem
GSE67334,0.02008819942687692,-0.3420063031743358,
GSE33815,0.020087979240697905,-0.34202211660005605,"alternative,splicing"
GSE73176,0.020087866522330387,-0.34203021192334027,stem
GSE65408,0.020087838620343874,-0.3420322158238285,"inflammatory,wildtype"
GSE66066,0.020086958298640867,-0.34209544132105146,
GSE61775,0.020085592624094765,-0.34219353078017894,
GSE81380,0.020084551839634885,-0.34226828951452165,
GSE99347,0.020084136343272,-0.3422981353755332,changes
GSE29278,0.020083832057269168,-0.34231999318536477,
GSE75936,0.02008144133536765,-0.3424917376971883,
GSE53789,0.020080872426837707,-0.34253260991982876,cns
GSE104478,0.020080564675918566,-0.3425547202205008,
GSE64936,0.020079720547225965,-0.3426153682100308,
GSE85520,0.020077812077720837,-0.3427524951355579,
GSE30765,0.02007598928867402,-0.34288347793821916,stem
GSE45182,0.020075445853444715,-0.34292253065489714,stem
GSE88982,0.020075013740446058,-0.34295358421127475,
GSE63204,0.020071524030232126,-0.3432043947624218,
GSE97148,0.020071058262648867,-0.343237873454834,
GSE71636,0.020070987991320736,-0.3432429245225335,
GSE33979,0.02007058289616769,-0.3432720429030795,
GSE85388,0.02006927108738266,-0.34336634020820694,tumours
GSE43028,0.02006787993518975,-0.34346634772341444,
GSE98838,0.02006769696064606,-0.3434795019614851,
GSE76205,0.02006749884994588,-0.3434937444894669,changes
GSE76279,0.020066905373738772,-0.3435364113832458,
GSE101552,0.020065533963952647,-0.34363501122571194,
GSE101902,0.020063161211010316,-0.3438056202570906,
GSE79818,0.02005981243243517,-0.3440464431979597,
GSE62357,0.02005911403850374,-0.34409667233169744,stem
GSE102269,0.02005849367291402,-0.34414129106202357,
GSE57533,0.020057317876633923,-0.3442258619779469,changes
GSE99233,0.02005682735758077,-0.34426114476417347,
GSE88779,0.020056687424819912,-0.3442712102147452,body
GSE61098,0.020055997905735215,-0.3443208087771944,changes
GSE53459,0.02005322752193091,-0.3445201055195059,"changes,wildtype"
GSE57147,0.020052014955995748,-0.3446073441324083,stem
GSE94534,0.020051568968679764,-0.3446394322216076,"changes,wildtype"
GSE97716,0.020051363505925162,-0.3446542151852896,
GSE99504,0.020051113134134456,-0.34467222954106486,
GSE52868,0.020049730217992247,-0.3447717349925389,
GSE75804,0.020049062227650103,-0.3448198015948123,stem
GSE93267,0.02004724689065332,-0.34495043594705965,
GSE96988,0.02004694369284976,-0.34497225566514067,cardiomyocytes
GSE72368,0.020046428856870118,-0.3450093067420399,
GSE69987,0.020045726890768473,-0.34505982650057787,stem
GSE98960,0.02004449602263968,-0.3451484150499502,genomic
GSE96729,0.020043320140956045,-0.345233051173166,
GSE56893,0.020042760173222686,-0.3452733575670911,stem
GSE84234,0.020041317530312065,-0.3453772039765916,genomic
GSE81686,0.020041176437759,-0.3453873607061992,
GSE76356,0.020040321681073413,-0.34544889299862963,
GSE54984,0.02004027804157,-0.34545203459309665,changes
GSE77656,0.02004007591469521,-0.34546658573404765,genomic
GSE87219,0.020040029891473493,-0.34546989897249347,
GSE97579,0.02003876981788264,-0.3455606153579372,
GSE87602,0.020038531687542844,-0.3455777596988689,"changes,inflammatory"
GSE40948,0.020034530368991464,-0.34586586757752985,"genomic,stem"
GSE102345,0.020034433948766996,-0.345872810855553,normal
GSE68806,0.02003283659872476,-0.34598784184988984,stem
GSE79437,0.020032523054281322,-0.3460104224041428,"normal,stem"
GSE104519,0.02003240278402298,-0.3460190840103555,stem
GSE80102,0.020031656573643013,-0.3460728256447293,
GSE87635,0.0200311609043138,-0.3461085245659849,
GSE94685,0.020029787799614767,-0.34620742244058744,
GSE31920,0.020029699269547542,-0.34621379905188737,"normal,wildtype"
GSE86389,0.020029656091175012,-0.3462169090981356,
GSE60745,0.020027740304337655,-0.34635490589375717,
GSE66954,0.020027264384436517,-0.34638918911437344,stem
GSE78772,0.0200239487349972,-0.3466280568360624,genomic
GSE90654,0.02002320382876978,-0.3466817271947046,
GSE55621,0.02002260946024974,-0.3467245527710111,stem
GSE83312,0.020022556797330705,-0.34672834731298624,changes
GSE53110,0.02002237093718638,-0.3467417392466809,
GSE81079,0.020020463444278887,-0.34687918858575806,
GSE65315,0.02002044751667215,-0.3468803363458217,
GSE84892,0.020019339863388323,-0.3469601572442114,
GSE64684,0.02001895330839681,-0.34698801462399087,stem
GSE47851,0.020017581141399746,-0.347086905227282,
GSE67335,0.02001640471176258,-0.34717169464646236,
GSE93670,0.020015995064963685,-0.3472012205009502,inflammatory
GSE77550,0.02001491526231089,-0.34727905165292594,stem
GSE83340,0.02000966443057997,-0.3476575864932827,
GSE74923,0.020008100040215956,-0.3477703833099552,
GSE45975,0.020007769345984014,-0.34779422839620733,inflammatory
GSE105159,0.020006339868341168,-0.34789730705259975,stem
GSE69750,0.020004485169481428,-0.3480310590982862,genomic
GSE58926,0.020004414525469794,-0.3480361538530047,
GSE97534,0.020003914148471826,-0.3480722409097506,
GSE104507,0.020003627668629956,-0.3480929021665243,
GSE76157,0.020002417585699993,-0.3481801780085407,
GSE64411,0.020001394914012056,-0.34825394114664043,"affected,stem"
GSE77197,0.0200005273373392,-0.3483165205674918,stem
GSE83868,0.020000104278738284,-0.34834703731289846,
GSE94579,0.0199984767927749,-0.3484644397740304,stem
GSE99160,0.01999692542387426,-0.348576360249716,stem
GSE79633,0.019996499743049345,-0.34860707167853533,
GSE83351,0.019996367260422022,-0.3486166299844918,"changes,splicing"
GSE80678,0.01999328725324118,-0.3488388630169363,
GSE85642,0.019992193125661795,-0.348917816297893,"genomic,ischemic"
GSE81432,0.01999212411738364,-0.3489227961453699,
GSE71698,0.019990279423384407,-0.3490559212529602,
GSE76408,0.019985305421973795,-0.3494149387499278,stem
GSE86339,0.0199847292871937,-0.34945652924622,changes
GSE88908,0.019983099851281768,-0.3495741628110927,"changes,inflammatory"
GSE98415,0.019980385385799798,-0.3497701490156139,changes
GSE31223,0.01998017671649549,-0.3497852161795712,
GSE55798,0.01998017654838389,-0.34978522831829156,"normal,stem"
GSE68746,0.01997830180467065,-0.349920603015802,
GSE54107,0.01997672731395121,-0.35003430634697946,"normal,stem"
GSE54631,0.019974646603649133,-0.3501845805499761,
GSE57609,0.019972369158891064,-0.35034908136182435,
GSE70283,0.019971007851093542,-0.3504474181653888,
GSE103662,0.019969588487089955,-0.3505499559138349,changes
GSE79685,0.019969154319820482,-0.35058132249788765,
GSE106072,0.01996843869697275,-0.3506330244386256,"changes,stem"
GSE95138,0.01996552752436992,-0.3508433683980226,"alternative,changes,splicing"
GSE80268,0.019965086219909636,-0.35087525710178646,
GSE94641,0.019964190981766272,-0.3509399492635572,
GSE37018,0.019961891687979835,-0.3511061153146746,
GSE65884,0.01996077937177244,-0.3511865073843495,stem
GSE68270,0.01996038453551773,-0.35121504504462303,stem
GSE61389,0.019958725911880852,-0.3513349318893038,
GSE104725,0.01995865584971323,-0.3513399962666413,
GSE92333,0.019957897292017936,-0.3513948290284518,changes
GSE39756,0.01995781973612464,-0.3514004353164498,
GSE87043,0.019956745756630177,-0.35147807238311574,"changes,normal"
GSE39970,0.019955830984574395,-0.35154420377409096,
GSE78140,0.019955255471847216,-0.351585810727509,"icm,stem"
GSE94883,0.01995455128717025,-0.3516367217102439,"changes,stem"
GSE74868,0.019951516951900863,-0.3518561179397973,stem
GSE75751,0.01995078748141278,-0.3519088669461866,stem
GSE65082,0.019950486072950177,-0.3519306627664977,changes
GSE72121,0.01994850539974518,-0.3520738998412882,normal
GSE72628,0.01994692674324429,-0.35218807431109345,"changes,genomic,stem"
GSE79791,0.019946872759336532,-0.35219197879334296,stem
GSE72146,0.01994217291244219,-0.3525319441008399,stem
GSE84527,0.019941087438138418,-0.3526104737085841,
GSE58619,0.01994049248544178,-0.352653517906267,
GSE90848,0.019940324212747145,-0.3526656924905493,"changes,stem"
GSE59698,0.019939541322394273,-0.352722336213623,"alternative,splicing"
GSE83867,0.019937585933297714,-0.3528638223410856,
GSE71165,0.019936963622675233,-0.35290885379393055,
GSE66232,0.01993696022777857,-0.35290909945826987,genomic
GSE68884,0.019934743870542202,-0.35306949027523393,changes
GSE89405,0.019934699732128025,-0.3530726846148331,changes
GSE81505,0.019932690142247907,-0.35321812806452235,
GSE87800,0.019931168896405373,-0.3533282375163914,
GSE80304,0.01992921099242775,-0.35346996513510454,
GSE86144,0.019928592276760984,-0.3535147552615553,"changes,genomic"
GSE38596,0.019928372139480614,-0.3535306917969818,stem
GSE83295,0.019926174965874892,-0.3536897628038499,
GSE93678,0.019925530168367605,-0.3537364481922461,
GSE90847,0.019922256603671994,-0.3539734879851977,"changes,stem"
GSE93313,0.01991918410638665,-0.3541960038644681,"changes,wildtype"
GSE54302,0.01991814746950638,-0.3542710867491665,stem
GSE86418,0.019914271126883203,-0.3545518821662645,
GSE81181,0.01991345036699361,-0.35461134357546564,stem
GSE109913,0.01991308238556756,-0.35463800343972324,
GSE100332,0.019911892976041165,-0.3547241782689725,
GSE100597,0.019910684157269574,-0.3548117646068335,
GSE54877,0.019910292308299278,-0.3548401576105424,
GSE80960,0.019909611104955763,-0.3548895182870575,
GSE109279,0.01990824573796042,-0.35498845923215755,
GSE79457,0.01990776199847127,-0.3550235149095992,changes
GSE86199,0.019907069906955233,-0.35507367094192904,
GSE87069,0.019904205481285728,-0.35528127507795443,stem
GSE90885,0.01990162749086848,-0.35546814487657047,
GSE92323,0.019899118722185725,-0.3556500202676883,
GSE63836,0.019898216073022217,-0.35571546422160033,
GSE97120,0.01989760248854961,-0.3557599520752422,
GSE77067,0.01989736976175418,-0.355776826256812,changes
GSE80375,0.019893058532903806,-0.3560894536284425,
GSE107617,0.019891936408819033,-0.35617083520736026,changes
GSE83394,0.019891485399393245,-0.35620354577032504,"changes,stem"
GSE80087,0.019890445480104442,-0.35627897128980357,
GSE100464,0.01988961516663815,-0.35633919689534055,
GSE52854,0.019889441977195572,-0.3563517592619669,changes
GSE86521,0.019889247190118413,-0.3563658883524991,affected
GSE97939,0.019888294644672053,-0.35643498425579334,
GSE88998,0.019886911768777313,-0.35653530143205486,
GSE86417,0.019886208567958176,-0.35658631600300306,stem
GSE61845,0.01988542035438337,-0.356643500073482,
GSE52126,0.019885418012530562,-0.35664366997583125,
GSE84812,0.01988434502836116,-0.3567215175073308,
GSE102566,0.019884197527198576,-0.35673221939289695,changes
GSE67517,0.019884104538745014,-0.3567389661723091,
GSE98725,0.01988254266867611,-0.35685229240734845,
GSE99808,0.019882235072986653,-0.3568746119977494,
GSE95782,0.019877782147561737,-0.357197761427952,
GSE20851,0.01987542880304183,-0.35736857321352344,stem
GSE68769,0.01987471711795989,-0.35742023312644783,
GSE68818,0.019872780378604783,-0.35756082684636986,
GSE90522,0.01987030723225195,-0.3577403798805057,
GSE90516,0.01986972690121589,-0.3577825157631798,
GSE93010,0.019869228330689326,-0.35781871627333656,changes
GSE68770,0.019869053956085302,-0.3578313775843953,
GSE75931,0.01986512175632309,-0.35811692346592094,stem
GSE90140,0.019863825702456456,-0.3582110518335914,
GSE84878,0.019861406529545805,-0.358386765281668,changes
GSE90094,0.01986134834847056,-0.35839099145122694,
GSE107122,0.019860813583999284,-0.35842983636868686,stem
GSE93573,0.019858980320828005,-0.3585630112635045,
GSE71574,0.01985876860361147,-0.35857839196289676,changes
GSE77967,0.01985749001904084,-0.3586712812573072,
GSE76779,0.019855920069443124,-0.3587853464305171,
GSE80326,0.01985545585498517,-0.35881907580306277,
GSE62512,0.019854208039446097,-0.3589097447795389,
GSE93574,0.019853851603944823,-0.3589356452004971,
GSE77351,0.019852990765280326,-0.3589982000448698,
GSE47835,0.019852150687628384,-0.3590592488571016,
GSE92779,0.019850622737362485,-0.3591702922972578,stem
GSE96061,0.019849730585395697,-0.3592351331921464,stem
GSE75706,0.019846780450034057,-0.3594495674360138,
GSE95053,0.019842356468503825,-0.3597711897607412,
GSE94238,0.019841541609754543,-0.3598304376035039,changes
GSE79115,0.019840996545830818,-0.35987007020042566,
GSE90486,0.01983999920906438,-0.35994259120348854,inflammatory
GSE73823,0.019839689729488966,-0.3599650956464748,
GSE89264,0.019838874242318325,-0.3600243971523456,
GSE58423,0.01983856600575683,-0.3600468124773219,stem
GSE103524,0.019837865572224472,-0.3600977501218389,
GSE83865,0.019837660641013152,-0.36011265367929707,
GSE93131,0.019835103104147683,-0.36029866268948424,
GSE69900,0.01983323276281218,-0.3604347073262215,
GSE53599,0.019832464183326674,-0.36049061587682196,changes
GSE53076,0.019831609555207404,-0.3605527863819392,
GSE53001,0.019828838799590638,-0.3607543653130984,
GSE104443,0.019828760557570605,-0.3607600580114019,"changes,normal,wildtype"
GSE94413,0.019827258096613717,-0.3608693777588819,cardiomyocytes
GSE36103,0.019826880181348882,-0.3608968763505624,"genomic,normal"
GSE69733,0.019826310625657692,-0.3609383204388953,
GSE72917,0.019826054863582968,-0.360956931519082,
GSE70713,0.01982601141066687,-0.3609600934883037,
GSE78966,0.01982422528047134,-0.3610900720908167,"failing,failure"
GSE97721,0.019821254083159094,-0.3613063152390755,
GSE33920,0.01982104699507159,-0.3613213882771558,
GSE35368,0.01982029034416774,-0.36137646293306147,
GSE40187,0.01981939932213748,-0.3614413208103767,
GSE77357,0.019817467094936647,-0.36158197847858836,"genomic,stem"
GSE96707,0.019816920792602444,-0.3616217493800928,wildtype
GSE103525,0.019815639111052025,-0.36171506031544126,
GSE57967,0.019814545913961285,-0.3617946536870559,
GSE45278,0.01981307534040135,-0.36190172996950726,stem
GSE85875,0.019810764720523427,-0.3620699882623892,stem
GSE51619,0.019807978071756556,-0.36227293687105,
GSE70020,0.019806102513559524,-0.362409547817047,
GSE76223,0.019804408241839596,-0.36253296543338837,stem
GSE92891,0.01980426577186674,-0.36254334400467025,
GSE61505,0.019804114891284225,-0.3625543353486494,stem
GSE100771,0.019803694484080706,-0.36258496160126263,
GSE90856,0.019803578216581644,-0.36259343168934877,stem
GSE100941,0.01980158705398535,-0.36273849561654475,
GSE80041,0.0197997226161519,-0.362874340377274,"changes,stem"
GSE58174,0.01979904858099915,-0.36292345438475204,changes
GSE67404,0.01979763722099328,-0.3630262994608487,stem
GSE86110,0.019795235904279836,-0.3632012990223797,
GSE64099,0.019794049812493657,-0.36328774507501693,"genomic,wildtype"
GSE93655,0.019789604647124988,-0.36361176862199945,
GSE69363,0.019789465951001586,-0.3636218798351432,
GSE95701,0.019788901975515916,-0.3636629954586032,genomic
GSE98700,0.0197884272757126,-0.3636976035064499,
GSE76095,0.019787072833428062,-0.36379635385262105,stem
GSE44566,0.01978697292791741,-0.3638036380805539,"body,genomic,stem"
GSE104294,0.019786873769268857,-0.36381086789026246,
GSE68177,0.019786592870724654,-0.36383134883222323,body
GSE90059,0.019784904612068867,-0.3639544496773697,"normal,stem"
GSE73082,0.019784900868120337,-0.36395472268229906,
GSE104633,0.019784428713228767,-0.36398915215218597,
GSE57682,0.019779772536968363,-0.3643287238973059,inflammatory
GSE72857,0.019779702753911627,-0.364333813735791,stem
GSE44935,0.019778558563902787,-0.3644172712587991,
GSE37111,0.01977825030515116,-0.3644397565595608,stem
GSE73083,0.019776779132058022,-0.36454707308324613,
GSE93230,0.01977558643517003,-0.3646340816786327,
GSE95105,0.01977306755705219,-0.3648178539493571,
GSE96724,0.019772862456645987,-0.3648328186923187,
GSE106264,0.019771025282701086,-0.3649668713559788,
GSE98875,0.019770553159578787,-0.36500132267097907,stem
GSE72596,0.01976863090305224,-0.36514160022227904,"myoblasts,stem"
GSE66029,0.019764939589845435,-0.3654110137463753,cns
GSE49571,0.019764559811369868,-0.36543873504472985,changes
GSE96998,0.01976361833336666,-0.36550745896322767,stem
GSE93180,0.019762389687154668,-0.3655971498723981,
GSE93179,0.019762389687154668,-0.3655971498723981,
GSE84383,0.019762300361862214,-0.36560367081696665,
GSE106467,0.019758148172734576,-0.3659068223705262,
GSE87647,0.019757932020959917,-0.36592260536782034,
GSE101690,0.01975715744595942,-0.36597916480003884,
GSE64156,0.01975477047877216,-0.3661534749847797,
GSE70307,0.019754756418988394,-0.36615450177410913,
GSE76102,0.019754516915382127,-0.3661719928913016,stem
GSE37184,0.019752212856956525,-0.3663402707359858,
GSE75064,0.01974784257693012,-0.36665950984984813,
GSE33527,0.0197467277060111,-0.36674095996995365,stem
GSE72860,0.019745257192023996,-0.36684839965642224,
GSE40285,0.01974412880020002,-0.36693084840806356,"alternative,polyadenylation,splicing"
GSE101527,0.0197435524056771,-0.3669729659239307,
GSE74980,0.019742616007916915,-0.3670413917276715,changes
GSE74148,0.019742358630463436,-0.3670601997516947,
GSE92376,0.0197422352049605,-0.36706921923720576,
GSE65924,0.019741539948035135,-0.3671200271305535,stem
GSE75484,0.019741373557581474,-0.3671321868554085,
GSE71162,0.019740542947016555,-0.36719288896154634,
GSE94136,0.019740128725623255,-0.367223161757051,stem
GSE53928,0.019739980697929614,-0.36723398030961574,stem
GSE61695,0.01973970793595147,-0.36725391523650264,stem
GSE81575,0.019738876445802394,-0.3673146867526848,
GSE85385,0.019737575875723463,-0.367409747270717,tumours
GSE48206,0.01973730812606154,-0.36742931825207525,
GSE70288,0.019737162022380714,-0.3674399977142692,
GSE76075,0.019736743556109316,-0.3674705859829343,genomic
GSE52616,0.019736229578581097,-0.36750815664317327,
GSE68602,0.019736123049791134,-0.3675159437927478,"changes,stem"
GSE89900,0.019733792786634122,-0.3676862942499632,
GSE47877,0.019730783053923298,-0.3679063461001222,normal
GSE44158,0.01973004256570878,-0.36796049087070254,stem
GSE44157,0.01973004256570878,-0.36796049087070254,stem
GSE101996,0.019728990609991073,-0.3680374137537735,
GSE83356,0.01972733397084197,-0.36815856163623595,
GSE90116,0.019727318381398302,-0.3681597017204453,
GSE76132,0.019726273233354397,-0.3682361373420747,normal
GSE65177,0.019725485327863782,-0.3682937625220719,
GSE40823,0.01972524265291686,-0.3683115115452408,"alternative,stem"
GSE124872,0.019724795652818317,-0.3683442052942543,n3
GSE98567,0.019716842162499523,-0.36892605036113224,"cardiac,cardiomyocytes,changes,genomic,icm"
GSE99144,0.019715960441063968,-0.36899056797381735,"normal,wildtype"
GSE50776,0.019715783142082027,-0.36900354170202504,
GSE99260,0.019713225231772494,-0.369190727973046,
GSE82008,0.01971260365761983,-0.36923621804759504,
GSE70235,0.019707478288885073,-0.3696113742488461,
GSE95811,0.019706393965678748,-0.3696907548132717,
GSE80550,0.019705573430094877,-0.36975082705508633,"changes,stem"
GSE106969,0.01969982745178364,-0.3701715660547111,
GSE102757,0.019699407634061947,-0.37020231126810776,
GSE72018,0.019697305975331026,-0.3703562354081606,
GSE58972,0.019695638290161577,-0.3704783872894188,
GSE81197,0.01969554350926406,-0.3704853299565119,
GSE95052,0.019690582809977812,-0.3708487460609262,changes
GSE83084,0.01968912392581883,-0.37095563994698166,
GSE75386,0.019688258191003373,-0.3710190769383733,
GSE53401,0.019686923123251397,-0.3711169099164817,normal
GSE101939,0.019686736755882138,-0.3711305673351845,changes
GSE72823,0.01968426974549287,-0.3713113675724838,normal
GSE77857,0.019683733326437924,-0.37135068321209297,
GSE101678,0.019683693182782774,-0.371353625494957,
GSE87633,0.019682727080468428,-0.3714244366588299,
GSE77744,0.01967981217071644,-0.3716381081308194,
GSE46700,0.019679085638584847,-0.3716913700035726,stem
GSE42474,0.01967860113934161,-0.37172688960407707,"genomic,stem"
GSE79068,0.01967824415462562,-0.37175306142123377,"normal,stem"
GSE80044,0.01967810411302426,-0.37176332849796706,
GSE71309,0.019677414908703374,-0.3718138582168332,
GSE92707,0.01967419220663403,-0.3720501573997598,body
GSE75767,0.019670891123034842,-0.37229224390949606,
GSE85316,0.019670728352681417,-0.3723041818004533,
GSE54461,0.019669899208742365,-0.3723649943458233,"changes,stem"
GSE83114,0.019669040151238926,-0.37242800356876676,normal
GSE109238,0.01966558689732117,-0.3726813168801514,wildtype
GSE81903,0.019662964099878933,-0.37287374181180233,
GSE67790,0.019662836209087955,-0.372883125341621,
GSE106674,0.019661159381077997,-0.37300616225175937,changes
GSE96819,0.019661016160254095,-0.3730166715366376,
GSE99457,0.0196574322103021,-0.3732796802285435,stem
GSE67265,0.019652711597996635,-0.37362617623878486,"cardiomyocytes,stem"
GSE67863,0.019652528324709918,-0.3736396302954142,"inflammatory,stem"
GSE75761,0.019649801555511933,-0.3738398167178416,
GSE63256,0.019649365742082613,-0.3738718146412835,stem
GSE71882,0.01964926033101872,-0.37387955414947144,"changes,stem"
GSE98297,0.019648053091256223,-0.3739681952634505,stem
GSE48870,0.019647511328296688,-0.374007975770317,
GSE92949,0.01964637098012884,-0.37409171270596464,tumours
GSE47656,0.01964179185284897,-0.3744280116709362,cardiomyocytes
GSE67828,0.019637386497315678,-0.3747516225444235,"mbnl1,mbnl2"
GSE75762,0.019635942943681896,-0.37485767964216876,
GSE76865,0.019633206074853905,-0.37505877730742426,
GSE76864,0.019633206074853905,-0.37505877730742426,
GSE51606,0.01962820942902938,-0.3754259895486808,"alternative,splicing,stem"
GSE100426,0.019627074969816655,-0.37550937596178696,"inflammatory,stem"
GSE97054,0.019626455549848463,-0.37555490736263586,
GSE77636,0.019625234722705266,-0.37564465031401517,
GSE70358,0.01962410070369399,-0.37572801700476394,
GSE76634,0.019623961111744703,-0.3757382793516761,
GSE76606,0.01962374481733719,-0.3757541807584821,
GSE98347,0.019623047881956172,-0.37580541884184987,
GSE83315,0.019620168460648936,-0.3760171306858418,
GSE60450,0.019618966180203312,-0.3761055385497296,
GSE70359,0.01961517896585622,-0.3763840610129547,
GSE64027,0.01961496537381372,-0.37639977077827286,inflammatory
GSE69654,0.019612840866275228,-0.37655603832351114,
GSE58971,0.019612311142184664,-0.37659500466420903,
GSE41265,0.019610770112532237,-0.37670836831476606,"alternative,splicing"
GSE30581,0.01960834949369542,-0.3768864556778307,stem
GSE65164,0.01960539993486236,-0.37710348740630856,
GSE100277,0.01960430964537623,-0.3771837203512612,
GSE72069,0.019603773053133815,-0.3772232090951057,
GSE94481,0.019600364265970675,-0.37747409283771033,stem
GSE105806,0.01959463670548907,-0.37789573452451813,
GSE58973,0.019591808532324503,-0.3781039795634145,
GSE49366,0.019591700195762545,-0.3781119572369695,changes
GSE100607,0.019591630934195987,-0.3781170575342498,"normal,stem"
GSE70156,0.01958977275733191,-0.37825389707016893,
GSE92304,0.019589384882217196,-0.3782824625390669,
GSE105138,0.019589317672221346,-0.37828741234706914,
GSE63681,0.0195836060950015,-0.37870811437268687,"alternative,stem"
GSE90447,0.01958265994135433,-0.37877781778396896,changes
GSE70605,0.01958254732652015,-0.378786114375466,stem
GSE66966,0.019581693019899902,-0.37884905464514707,changes
GSE90958,0.019580975374143043,-0.3789019286712084,"changes,genomic"
GSE101696,0.01958088332903091,-0.37890871042423085,
GSE103319,0.019574883818970917,-0.37935081456926445,cns
GSE98964,0.01957267613893825,-0.3795135327076005,genomic
GSE101859,0.019570296249348727,-0.3796889641939393,
GSE74985,0.01956977693718025,-0.3797272476732067,
GSE39524,0.01956230424736378,-0.38027824380451497,
GSE33921,0.019561247137037083,-0.38035620645219936,
GSE98507,0.01956103221371375,-0.38037205771740656,
GSE64959,0.019560764607745466,-0.3803917947353725,
GSE42564,0.01956029915842857,-0.3804261241403864,
GSE74371,0.01955908982589147,-0.38051532277563666,
GSE70711,0.019556583275094457,-0.38070021993438957,genomic
GSE71491,0.01955519851633409,-0.3808023776222134,
GSE83978,0.019555145015365035,-0.3808063246897034,
GSE81044,0.019553553080166177,-0.3809237756471589,"alternative,stem"
GSE71734,0.019552626917026132,-0.3809921111874515,
GSE37646,0.0195522930830539,-0.3810167434135875,
GSE106138,0.019550652535895274,-0.38113779870566417,
GSE96818,0.019550438554603356,-0.3811535890450171,changes
GSE98510,0.019546783277133155,-0.3814233499358239,
GSE81999,0.019544123743578452,-0.38161965624687133,
GSE63674,0.01954298589351042,-0.3817036517464684,
GSE60231,0.019542663543040913,-0.38172744837927375,
GSE92590,0.01954202055121117,-0.38177491664699453,
GSE89737,0.019539228601775066,-0.38198104780707914,cns
GSE70355,0.01953882914680149,-0.3820105421956265,changes
GSE56253,0.019538090722344262,-0.3820650665187415,"affected,changes,stem"
GSE47124,0.01953802670318793,-0.38206979370892546,changes
GSE101806,0.019536615342312033,-0.38217401287669556,
GSE75760,0.019536127090743934,-0.3822100686061979,
GSE87527,0.019533979770212814,-0.3823686516730726,stem
GSE85674,0.019532849410960916,-0.3824521375213879,
GSE76198,0.01953068709436879,-0.38261185493084743,"alternative,splicing"
GSE85462,0.019529554929095083,-0.3826954882695921,
GSE88984,0.019528307639572112,-0.3827876314792618,changes
GSE116177,0.01952742936799325,-0.3828525171093216,
GSE89711,0.01952739231721101,-0.3828552544399503,changes
GSE66832,0.019527317384132766,-0.3828607905497412,
GSE101016,0.019520452927935934,-0.38336803165141947,
GSE40594,0.019514996972458672,-0.38377132045591383,stem
GSE77941,0.019511900473557216,-0.38400025505799446,
GSE48764,0.019508382170191074,-0.3842604191823179,stem
GSE92377,0.019507641186093716,-0.3843152179029872,
GSE74290,0.019506902766901625,-0.38436982900944716,
GSE96630,0.01950617447551364,-0.3844236931210815,
GSE107220,0.019504796437931488,-0.38452561767923543,stem
GSE103976,0.019501389022616816,-0.3847776731484483,
GSE95537,0.019501118560352335,-0.38479768183978136,
GSE79409,0.019501003657941832,-0.3848061823586449,tumours
GSE62310,0.019495655169614098,-0.3852019207560898,
GSE70766,0.019491715320992108,-0.3854935023640114,"changes,stem"
GSE75219,0.01949001785589181,-0.3856191470844613,normal
GSE60367,0.019487816816987108,-0.38578208214448406,
GSE89307,0.019486883924858523,-0.385851146374471,
GSE90969,0.01948643884900493,-0.38588409756678005,
GSE65731,0.019486218788347782,-0.3859003900363222,
GSE53074,0.019486070583174316,-0.3859113626977822,wildtype
GSE69007,0.019485224802992897,-0.38597398329386534,
GSE78505,0.019485091061750517,-0.3859838855911838,
GSE103956,0.019485061883060942,-0.38598604601127817,
GSE75242,0.019484040338195344,-0.3860616842799564,
GSE96919,0.01948390592406811,-0.38607163700332964,
GSE81285,0.01948084542424407,-0.38629827096223224,"body,stem"
GSE76245,0.0194784639777508,-0.3864746447790684,stem
GSE87341,0.0194784639777508,-0.3864746447790684,stem
GSE81095,0.019478286890407235,-0.386487761018317,stem
GSE61528,0.019477788923722594,-0.3865246443055313,
GSE70538,0.01947674233237301,-0.3866021660777904,
GSE85641,0.019475498888626885,-0.38669427426312386,stem
GSE87051,0.019474024948240288,-0.38680346412106553,
GSE86065,0.0194710027801868,-0.3870273729036014,changes
GSE71462,0.01946967304778721,-0.38712590218171766,changes
GSE35005,0.019468697910997937,-0.387198161240108,"changes,genomic"
GSE98168,0.019467066098497667,-0.38731908902272993,
GSE98167,0.01946592031031291,-0.3874040053409994,
GSE75909,0.019465116739743726,-0.38746356230958673,
GSE94135,0.0194642617275081,-0.38752693459863957,
GSE99251,0.01946415683444845,-0.3875347093145189,stem
GSE77374,0.019462544624413818,-0.3876542122436651,
GSE98650,0.019462135065326115,-0.38768457184428423,"changes,normal"
GSE98469,0.019461718654771223,-0.3877154399822059,"changes,stem,wildtype"
GSE80166,0.019460002786983965,-0.3878426426781507,stem
GSE101898,0.01945991995673342,-0.3878487834298928,"body,cardiomyocytes"
GSE79632,0.019457571783286404,-0.3880228798600483,
GSE86204,0.019457500980481414,-0.38802812959226685,
GSE74467,0.0194542302849364,-0.3882706588296311,changes
GSE88987,0.01945200758794394,-0.38843549995060445,changes
GSE66457,0.01945062130106954,-0.3885383202101556,stem
GSE76254,0.019449932284647864,-0.38858942696741827,"normal,stem"
GSE70210,0.01944991788347454,-0.38859049517211564,stem
GSE52332,0.019445751888024162,-0.3888995404223924,
GSE83204,0.019443327256296567,-0.38907943689980373,
GSE73221,0.01944028394834287,-0.3893052680490022,"changes,stem"
GSE97184,0.019437743857834967,-0.38949378460661377,changes
GSE93856,0.019435357978205912,-0.3896708786151051,
GSE66634,0.019420747702258646,-0.390755813570854,changes
GSE95832,0.01941966454025793,-0.39083627988710035,
GSE74547,0.019417374189382428,-0.39100644105087046,"genomic,stem"
GSE93764,0.019416040095698042,-0.3911055665271509,
GSE40463,0.01941502288729173,-0.39118115145380167,alternative
GSE77458,0.019414371567810607,-0.39122955063173,
GSE57391,0.01941388006820521,-0.39126607476111847,
GSE49147,0.019413204324335877,-0.3913162918889069,genomic
GSE72410,0.019412425558623072,-0.3913741671344814,
GSE67647,0.01941196302357039,-0.39140854228119415,"changes,genomic,splicing"
GSE99397,0.01941076817690459,-0.3914973458922031,
GSE69484,0.019403375876162084,-0.3920468793682647,stem
GSE60307,0.019403087404945566,-0.3920683281661366,
GSE101470,0.019400700932865257,-0.39224578256362214,normal
GSE64779,0.019394080212288497,-0.3927382034797344,
GSE57837,0.019394002271162707,-0.3927440014088124,
GSE95752,0.01939317027395314,-0.39280589394542703,
GSE100276,0.019393120613693766,-0.3928095882718649,changes
GSE71629,0.019386034263679436,-0.3933368530959592,
GSE79137,0.019384562890657004,-0.3934463557974694,body
GSE63800,0.01938402246014181,-0.39348657786991337,stem
GSE97249,0.019381401283461296,-0.3936816774322989,changes
GSE74155,0.01937843900200322,-0.39390219788574404,"body,icm,stem"
GSE45657,0.019373859878779175,-0.39424314686624296,
GSE78184,0.019373709089776564,-0.3942543755730794,normal
GSE84264,0.01936840834810964,-0.3946491580098364,inflammatory
GSE52502,0.01936735282884227,-0.3947277826381749,
GSE71176,0.01936586946036609,-0.3948382845907087,genomic
GSE62771,0.01936428501449206,-0.39495632554547844,"biomarkers,sarcomas,tumours"
GSE83809,0.019363071325651758,-0.39504675169573156,
GSE69256,0.019362820979675684,-0.39506540448210753,
GSE95833,0.019362274109529946,-0.3951061515400811,
GSE68949,0.019360381193878017,-0.39524720075298436,"changes,genomic"
GSE73175,0.019359524919336586,-0.3953110099487584,stem
GSE64960,0.01935895392146365,-0.39535356202334215,
GSE89546,0.019352868334551142,-0.3958071519408527,
GSE102597,0.019349325944672653,-0.39607125005828725,"changes,stem"
GSE89547,0.019347725997660457,-0.3961905478086655,
GSE105043,0.019347250886422154,-0.39622597569531115,
GSE85532,0.019344435718506182,-0.3964359137546302,
GSE68242,0.019343886447242158,-0.3964768786186721,inflammatory
GSE80101,0.019343348630292422,-0.39651699034259263,
GSE81125,0.01934171330383502,-0.3966389639031237,
GSE74647,0.019338909033085185,-0.396848149136802,"changes,stem"
GSE94554,0.019338146834218098,-0.39690501078261253,
GSE89897,0.01933514569182386,-0.39712892413340584,
GSE104054,0.019335087281348317,-0.3971332824471229,
GSE70815,0.019334869061193836,-0.39714956512051963,
GSE100807,0.01933313778334259,-0.3972787523311304,
GSE94920,0.019331849859407654,-0.3973748641670802,
GSE52031,0.01932851350012581,-0.39762387108704755,
GSE84553,0.019326472342011045,-0.3977762327360522,
GSE76755,0.019319810888508225,-0.39827358695619736,
GSE59623,0.0193179880478447,-0.39840971288779503,
GSE81682,0.019317151217221492,-0.3984722099520387,stem
GSE84125,0.019315956277573206,-0.3985614563842873,
GSE71453,0.019309108123956167,-0.39907303079945794,
GSE41286,0.019307095380405447,-0.3992234223386732,"normal,stem"
GSE52396,0.01930709466899491,-0.3992234754978075,stem
GSE98794,0.01930563800484898,-0.3993323267494566,inflammatory
GSE56575,0.019301994094850825,-0.3996046589601355,
GSE53150,0.019301162748615784,-0.39966679787253595,
GSE86113,0.019300573465758378,-0.3997108453967927,
GSE22182,0.01929987022413406,-0.3997634128342145,
GSE61608,0.01929878605454642,-0.39984445845801486,
GSE85484,0.019290550399104548,-0.4004602523812465,changes
GSE107115,0.019289080419969854,-0.40057019286350803,heteroplasmy
GSE104205,0.019288261545410017,-0.4006314405392979,
GSE81385,0.019283334616549047,-0.4010000047979998,stem
GSE87181,0.019283253193552875,-0.40100609652451547,
GSE66054,0.019279915817765357,-0.4012558070972562,
GSE54411,0.01927846686160431,-0.40136423497849677,
GSE60019,0.019274327158903145,-0.40167406095777597,
GSE90531,0.01927296179539033,-0.40177626286214885,
GSE88778,0.01926834819529649,-0.4021216594254435,body
GSE74720,0.019266399647902416,-0.4022675620106219,genomic
GSE63426,0.019266127364404848,-0.40228795112507265,
GSE61425,0.019263856743650852,-0.40245799081655714,
GSE87799,0.019263581257497803,-0.40247862247687327,stem
GSE99989,0.019255982921191482,-0.4030477920655772,"changes,stem,wildtype"
GSE55385,0.019254784778832124,-0.403137561973783,inflammatory
GSE91040,0.01925393029503283,-0.40320158693735797,"changes,genomic"
GSE103471,0.019252862322286454,-0.4032816122461759,stem
GSE80636,0.01925148441393702,-0.4033848682009904,stem
GSE98860,0.01925108823141061,-0.40341455819450983,
GSE94749,0.019239632290499117,-0.4042733329540176,inflammatory
GSE79723,0.01923925388268301,-0.4043017083637054,
GSE103272,0.01923669300541822,-0.4044937537964762,
GSE89636,0.019232788877167086,-0.40478658157634756,
GSE63853,0.01923022705809857,-0.40497876222476525,
GSE75668,0.01923001937210495,-0.4049943433809393,
GSE94333,0.01922952178560413,-0.4050316743295454,changes
GSE104096,0.019227780820311634,-0.4051622961789921,
GSE67310,0.019224305293479193,-0.4054230947907739,alternative
GSE27037,0.019223728472310384,-0.4054663831963579,stem
GSE79105,0.019221759072059797,-0.40561418956631257,"alternative,splicing"
GSE121611,0.019220923148525054,-0.40567693142867306,"changes,normal,stem"
GSE92992,0.01921668771345672,-0.4059948721672773,
GSE66534,0.01921611309052485,-0.40603801269499895,
GSE87183,0.019214217019547793,-0.40618037172184884,
GSE70108,0.019212833522437245,-0.4062842550224501,wildtype
GSE71588,0.01921077911896058,-0.4064385287883373,
GSE57500,0.01920469081518368,-0.4068958219441913,"changes,wildtype"
GSE93374,0.01920307473289954,-0.4070172304075634,
GSE63751,0.0192014454231212,-0.40713964293239885,
GSE97941,0.019200346689153505,-0.4072221983528463,
GSE53190,0.01919918167999518,-0.407309738643428,"biomarkers,changes,normal,stem"
GSE104803,0.019194936418775697,-0.40762877799824954,
GSE80232,0.019194319745888738,-0.40767512799326533,
GSE93314,0.019193405421055573,-0.40774385266486696,
GSE67478,0.019190351184778527,-0.40797344621847065,stem
GSE57875,0.01918879842683802,-0.408090184405969,stem
GSE76857,0.019186782795035322,-0.408241736091499,
GSE89132,0.019186293970145266,-0.40827849234375885,"changes,stem"
GSE50561,0.01918378338609028,-0.40846728566504426,
GSE88970,0.019178005495396083,-0.40890187094156,changes
GSE83552,0.01917706381948988,-0.4089727117031357,inflammatory
GSE104651,0.01917628868383772,-0.4090310265198885,"changes,stem"
GSE90655,0.01917486059312354,-0.40913847046517204,changes
GSE71877,0.019171297649121306,-0.4094065672912118,body
GSE63316,0.01917113541387159,-0.4094187760099354,stem
GSE94857,0.0191707619427055,-0.4094468812961314,changes
GSE48252,0.019164101847277168,-0.4099481736338642,stem
GSE38741,0.019162034281433538,-0.410103830702043,affected
GSE72494,0.01916011592712252,-0.4102482693746343,inflammatory
GSE68902,0.019157666939754868,-0.41043268202437444,stem
GSE53595,0.01915725325665982,-0.4104638353477632,
GSE62129,0.019156716780654247,-0.4105042368656478,splicing
GSE87631,0.019155710424446193,-0.4105800276842922,stem
GSE85810,0.019153624432562306,-0.41073714083493407,changes
GSE38838,0.01915284295963643,-0.41079600437373887,
GSE83099,0.019145740030802067,-0.41133113437189944,
GSE85018,0.019141939455850767,-0.41161754873423695,
GSE60101,0.019140589451167464,-0.41171929985247246,
GSE89477,0.019137577325105036,-0.41194635248888334,
GSE86573,0.019134928867763395,-0.4121460214763093,
GSE92751,0.019134788046097792,-0.41215663889054693,
GSE90976,0.019133601619836342,-0.41224609398908985,
GSE79863,0.019132873787677186,-0.4123009743947483,
GSE97381,0.019125395615298756,-0.4128649686637539,stem
GSE107583,0.019122625446240504,-0.4130739472753961,
GSE107643,0.01912228668891496,-0.41309950484561175,
GSE56292,0.019120319296211805,-0.4132479438771949,
GSE73897,0.019120040300900212,-0.4132689952039458,
GSE98262,0.019117059261336927,-0.41349394589594873,
GSE93309,0.019116843732319342,-0.4135102111799243,
GSE103725,0.01911584876711498,-0.41358530039141694,changes
GSE87387,0.01911425059729026,-0.4137059211441902,
GSE61627,0.01910778559352644,-0.41419396573248896,
GSE60297,0.019104385745368123,-0.4144506872910321,
GSE82031,0.019103301095458203,-0.4145325985071221,
GSE74643,0.019100903367348883,-0.41471368802362424,stem
GSE76017,0.019099861057851903,-0.41479241601587086,changes
GSE77304,0.019098462378245327,-0.4148980681990864,inflammatory
GSE77303,0.019095898471123186,-0.41509175836767215,inflammatory
GSE83436,0.019094503837039433,-0.4151971268139715,
GSE63758,0.01909439789550449,-0.4152051313032422,
GSE97196,0.01909284990815285,-0.4153220956725141,
GSE94583,0.019092531134070632,-0.41534618309943183,
GSE45719,0.0190891984460048,-0.41559803405592294,
GSE61102,0.019087053566580504,-0.4157601456697595,"changes,stem"
GSE43948,0.01907682677478085,-0.4165333449374834,
GSE100560,0.019074502276509545,-0.41670914705060025,
GSE90459,0.019073466113750312,-0.4167875190812873,
GSE79039,0.019073147285694925,-0.4168116350702795,
GSE92870,0.019064905180767297,-0.41743520357059277,normal
GSE101510,0.019060669961107862,-0.4177557301673531,
GSE84873,0.019060348420392514,-0.41778006767013676,
GSE106575,0.019060081511782505,-0.41780027036610423,
GSE95661,0.019059927309660548,-0.41781194227508456,genomic
GSE90766,0.01905707496233121,-0.4180278599553492,
GSE73631,0.019056609316213453,-0.41806311161666987,stem
GSE38046,0.019053112457063336,-0.4183278682789585,changes
GSE79756,0.01905294951509388,-0.4183402062409057,
GSE65529,0.019052167080271295,-0.41839945365644354,
GSE96105,0.01904889583383821,-0.4186471848564246,
GSE86909,0.019046496529580376,-0.4188289109993616,
GSE36290,0.019045950572450412,-0.4188702656354594,"tetraploid,stem"
GSE65530,0.01904564135692535,-0.418893688321779,
GSE80804,0.0190441875309557,-0.41900381890408844,
GSE74283,0.019039596100558432,-0.4193516852800195,stem
GSE87795,0.01903934776170464,-0.4193705028834766,
GSE52623,0.01903788119368566,-0.41948163546676576,
GSE90758,0.01903733272076407,-0.41952319947036515,
GSE93416,0.019034745805298153,-0.4197192554916863,
GSE55310,0.019033747760361732,-0.4197949020090987,
GSE54973,0.01902958094432358,-0.42011076743984926,
GSE75417,0.019028114518375223,-0.4202219462917923,"changes,normal"
GSE63137,0.019026276095340366,-0.4203613406562655,
GSE95478,0.01902570727611257,-0.42040447284578397,changes
GSE103713,0.019025561193173324,-0.42041555017069254,changes
GSE68618,0.01902360107954692,-0.4205641918774732,changes
GSE95631,0.01902246286716249,-0.4206505132044458,
GSE59622,0.019019553973977917,-0.42087114534377557,
GSE103712,0.01901789498248232,-0.42099699073408176,changes
GSE80354,0.019006878499704612,-0.42183294182915243,stem
GSE62704,0.019003738516772624,-0.42207129827639434,"alternative,changes,stem"
GSE84820,0.019002845417640555,-0.42213910072300814,
GSE90806,0.019001411293192078,-0.4222479834856187,
GSE104555,0.018997717572959805,-0.4225284589616268,
GSE83580,0.018984673048300024,-0.4235194061594995,genomic
GSE78907,0.018977664708458672,-0.4240520865920712,
GSE107338,0.01897657344302795,-0.4241350477211732,
GSE52525,0.018975171605917374,-0.42424162640133,
GSE85648,0.018971465754755074,-0.42452341227132967,genomic
GSE63310,0.018970327877952848,-0.4246099453032733,"genomic,stem"
GSE93238,0.018969800546902123,-0.4246500494317211,
GSE106510,0.018968855768877437,-0.424721903667142,stem
GSE108523,0.018961417163353908,-0.42528776510751065,
GSE81885,0.018959772089733824,-0.4254129373187114,
GSE72910,0.018959277632067815,-0.42545056229233036,changes
GSE86976,0.01895874155026794,-0.42549135569720326,
GSE93554,0.018958538168918154,-0.4255068324015934,
GSE95434,0.01895460554308081,-0.4258061259582901,
GSE103753,0.018953060951743594,-0.4259236944856981,
GSE94383,0.018947073210047058,-0.4263795496173296,
GSE77113,0.018946424853503105,-0.4264289185496574,
GSE70242,0.018942228039223807,-0.4267485246961299,
GSE77695,0.01893688598169052,-0.427155448678473,
GSE89082,0.018932665004826633,-0.4274770570554312,changes
GSE86188,0.018930161324066355,-0.4276678535792149,
GSE96104,0.018924899381753596,-0.4280689295773725,
GSE98413,0.018921684549704065,-0.428314025529742,alternative
GSE90697,0.018920790689115882,-0.42838218006931245,
GSE67379,0.01891941298014163,-0.4284872330929797,
GSE77623,0.018915760035517624,-0.4287658143542781,
GSE59121,0.01891572652800177,-0.4287683699571023,"body,changes"
GSE70239,0.018912874905085267,-0.42898587851370057,
GSE70238,0.018912874905085267,-0.42898587851370057,
GSE93320,0.018911098140711628,-0.42912141843434604,
GSE70241,0.01890511276871975,-0.4295781044086942,
GSE72568,0.018901220483931214,-0.4298751646892806,
GSE105054,0.01889928043391938,-0.43002325270217157,stem
GSE78510,0.01888856622705256,-0.43084136407362505,
GSE89758,0.01888703837606665,-0.43095806494790356,
GSE95337,0.01888650019842804,-0.43099917447799757,
GSE101732,0.018883990986396017,-0.431190859978869,stem
GSE45180,0.018879571298980557,-0.4315285538170452,
GSE87606,0.018873800176906694,-0.4319696253789055,
GSE95445,0.018873531533710027,-0.431990160351315,
GSE101753,0.01887152344375558,-0.4321436671576187,
GSE60114,0.01887095524740673,-0.43218710543105626,changes
GSE74762,0.018863058496348395,-0.4327909427983013,
GSE70016,0.01886132805504592,-0.4329232974535046,wildtype
GSE49555,0.018855000501177825,-0.43340737058689527,stem
GSE98969,0.018854819203113996,-0.4334212427199186,
GSE69545,0.01885209915920978,-0.43362938456915223,changes
GSE65921,0.01885053280042901,-0.4337492583248618,changes
GSE41792,0.018844977469377355,-0.43417448926400437,affected
GSE95436,0.018841209399486022,-0.4344629862553812,
GSE109847,0.0188381529821957,-0.43469703894622236,
GSE48085,0.01883779719546517,-0.43472428665991447,stem
GSE108478,0.01883776608541964,-0.434726669228588,
GSE43650,0.018837213830506537,-0.43476896442960855,"affected,changes"
GSE65922,0.01883662841781546,-0.4348138004185044,changes
GSE61523,0.018831460796832507,-0.43520964217036984,
GSE70236,0.01882688744508582,-0.4355600532863986,
GSE70240,0.01882688744508582,-0.4355600532863986,
GSE84050,0.01881420473768942,-0.43653225035599447,"genomic,stem"
GSE87315,0.018807131476567835,-0.4370747382041211,
GSE58025,0.018795523601646897,-0.4379654531858594,"affected,changes"
GSE89198,0.01878913087339027,-0.4384562256871019,
GSE121654,0.018788712232432694,-0.4384883707589589,changes
GSE76466,0.0187883742537882,-0.4385143227504489,normal
GSE94566,0.018784535235405783,-0.43880913797113646,
GSE75778,0.018781845374169482,-0.4390157402261289,
GSE57546,0.01877068487098403,-0.43987326982365094,
GSE70046,0.01876995347756757,-0.43992948504541673,normal
GSE80032,0.018769741978503913,-0.4399457413653783,
GSE101722,0.018769233247321274,-0.43998484440162106,
GSE90497,0.018766037737726872,-0.44023048780501767,
GSE107289,0.018765874489450635,-0.4402430380570347,
GSE83823,0.018763593522179507,-0.4404184063928458,alternative
GSE82000,0.01875949683704145,-0.4407334266803358,
GSE64455,0.018753739962978366,-0.4411762257792946,
GSE106330,0.018752665250337294,-0.44125890406260415,"normal,stem"
GSE87144,0.018745911819065823,-0.4417785580159607,
GSE59129,0.018735808471648706,-0.4425563264564179,
GSE101905,0.018734869434497516,-0.44262863602310937,"changes,stem"
GSE81925,0.018734330990520787,-0.4426700999692979,
GSE90869,0.018733827526587365,-0.4427088712860001,
GSE76724,0.018729799705616015,-0.44301908777023585,
GSE95432,0.018726433626899647,-0.4432783890748443,
GSE71513,0.01871793978841153,-0.44393290764505433,
GSE109522,0.018708263813294386,-0.4446788813364735,"changes,stem"
GSE71699,0.01870556190504883,-0.4448872550891564,
GSE61462,0.018697366094069526,-0.44551950805317164,n3
GSE95156,0.01869677484203103,-0.4455651299801672,
GSE71076,0.01869291548333344,-0.4458629595489787,
GSE99849,0.018687956185895097,-0.44624576249300213,
GSE85690,0.018685816707163388,-0.44641093796878445,
GSE95448,0.018679059383698998,-0.44693275193837073,
GSE43879,0.01867462851275593,-0.4472750150950415,changes
GSE70244,0.018661610987468477,-0.44828102535152314,
GSE97654,0.01865813592579259,-0.44854970103534947,genomic
GSE99957,0.018657158346930276,-0.44862529192667444,
GSE79374,0.018653868236550585,-0.44887972748504434,
GSE89035,0.01865032909912082,-0.44915347126718885,changes
GSE74178,0.01864783456513295,-0.4493464486937126,"normal,stem"
GSE87561,0.01864548755155722,-0.4495280374961518,
GSE93007,0.018642991252499096,-0.4497212016258035,"changes,inflammatory"
GSE55596,0.018642540559281752,-0.44975607911517046,
GSE116525,0.018639947746788236,-0.4499567437114642,
GSE44945,0.01863874259641731,-0.45005002297896296,
GSE83841,0.018638081150996636,-0.4501012217632154,
GSE106447,0.018636771310394526,-0.4502026145477343,stem
GSE78948,0.01863262127169175,-0.45052390984480956,genomic
GSE46664,0.018630881740784467,-0.45065860531959595,
GSE65498,0.01862612977311246,-0.4510266241140978,
GSE70243,0.018625231407943872,-0.45109620905987097,
GSE64969,0.018624336300954898,-0.4511655449740162,changes
GSE93006,0.01862203114099945,-0.4513441203932495,"changes,inflammatory"
GSE84996,0.018607121673143507,-0.45249965657186597,"changes,tumours"
GSE83760,0.018606461099572418,-0.45255087476394784,
GSE72744,0.01860317310736528,-0.45280583938078267,"changes,stem"
GSE88814,0.018602554756717536,-0.4528537939009239,
GSE108108,0.0186023093733538,-0.4528728243890206,
GSE106107,0.018600587267213337,-0.45300638785933367,
GSE104396,0.01859885961409787,-0.4531403939692527,
GSE49929,0.01859359972014173,-0.45354845641591796,
GSE90891,0.018591768197684728,-0.45369057298036713,
GSE38983,0.018586137295742874,-0.4541275892276002,"biomarkers,stem"
GSE94306,0.018584794673953065,-0.454231810117212,
GSE107281,0.01858409658540146,-0.4542860021502534,
GSE85302,0.018578604003815516,-0.45471245771714064,
GSE88830,0.01857819021194203,-0.45474459049374105,
GSE52594,0.018575671039917595,-0.4549402308320484,changes
GSE99101,0.0185753775991103,-0.4549630213379964,
GSE68981,0.018574249155928722,-0.4550506668690389,stem
GSE78816,0.01857155194113442,-0.45526017956225673,changes
GSE77319,0.018556912506581057,-0.4563978641414716,
GSE64687,0.018544775093468562,-0.45734178812250653,
GSE20898,0.018542788258533057,-0.457496362683475,changes
GSE61351,0.018537243959000044,-0.45792779345754575,
GSE52359,0.018534655013426993,-0.45812929697093313,
GSE77185,0.018533545401607426,-0.4582156691957488,
GSE77736,0.018527154916998533,-0.4587132054250291,"changes,stem"
GSE77740,0.018527154916998533,-0.4587132054250291,"changes,stem"
GSE83734,0.018527097071279513,-0.4587177098328899,
GSE63180,0.018524529735168424,-0.45891764076175523,
GSE90625,0.01852301518675912,-0.459035598995431,changes
GSE67681,0.018507281646964743,-0.46026155196603746,
GSE80597,0.018499066986949624,-0.4609020501453253,
GSE80436,0.018496312019583884,-0.46111691902194973,
GSE89352,0.018495306878516925,-0.4611953212155409,
GSE97137,0.018494646547913423,-0.4612468301037051,
GSE73729,0.01849197764025452,-0.4614550361746992,
GSE77105,0.018486033501017202,-0.4619188566998828,genomic
GSE47454,0.018482554399469886,-0.4621903998043904,changes
GSE87544,0.018478278452729004,-0.46252420652408,
GSE80113,0.018476809805296014,-0.46263887600367704,
GSE100601,0.018468744608411827,-0.46326875529054057,
GSE89848,0.018465111117838138,-0.4635526151121385,
GSE98760,0.018454602298672417,-0.4643739119371921,
GSE83991,0.018453781063266946,-0.46443811373305227,
GSE85491,0.018448098112087096,-0.4648824686403263,
GSE77107,0.01844801444016587,-0.46488901204327376,stem
GSE50534,0.01843782482311101,-0.4656860935607975,stem
GSE54462,0.018432144787167582,-0.46613060489829505,stem
GSE59127,0.01843025772462459,-0.4662783139779802,
GSE71635,0.01842316072360958,-0.46683396437499775,
GSE94581,0.01841690043942163,-0.4673242828356254,wildtype
GSE74594,0.018412023694430405,-0.4677063551345648,
GSE70360,0.01840918324631303,-0.4679289388444122,
GSE82005,0.018400646556668673,-0.4685980992345712,genomic
GSE99815,0.018394792580970525,-0.4690571507897851,stem
GSE76030,0.018394625983649066,-0.46907021699952006,
GSE87681,0.018389007244896265,-0.4695109633797048,
GSE77324,0.018388969827494456,-0.4695138989354003,
GSE67071,0.01837913034676323,-0.4702860557956923,
GSE70981,0.01836569779178224,-0.47134084811899424,
GSE84374,0.018363007386346213,-0.47155220512538243,
GSE72826,0.01836239228717406,-0.4716005313809598,
GSE72480,0.018361414654525694,-0.47167734399334393,
GSE89412,0.018351163132654297,-0.47248305261100465,"failure,normal"
GSE88989,0.018349597491290216,-0.4726061423233016,stem
GSE94802,0.01834148591523662,-0.4732440374002776,
GSE106273,0.018331328697426458,-0.4740431998476342,
GSE88801,0.018322987364151937,-0.4746998210399146,
GSE72990,0.018313164021179686,-0.4754734879232939,
GSE64867,0.018311083797580608,-0.47563737542691775,stem
GSE97859,0.018308848831521493,-0.4758134748472362,stem
GSE85513,0.018307831243302052,-0.47589366067922495,
GSE92272,0.018307365615239747,-0.47593035360205793,
GSE76033,0.01830262866264344,-0.4763036930790261,left
GSE71333,0.018302208956055208,-0.47633677660857515,stem
GSE75522,0.018295644701842712,-0.47685430516036287,stem
GSE75809,0.018290567633338275,-0.4772547107302819,
GSE84037,0.018282860357862692,-0.4778627613770335,affected
GSE82187,0.018272407292165845,-0.4786878455535931,splicing
GSE104264,0.018261751124831402,-0.47952944699566175,"changes,inflammatory"
GSE64787,0.018257889863856753,-0.47983452239780977,changes
GSE59130,0.0182575119224789,-0.4798643867358655,
GSE53214,0.01824408756964706,-0.48092555930913894,
GSE101984,0.01824398487940736,-0.4809336798093255,
GSE62149,0.018235130659863572,-0.481634022385552,
GSE54246,0.018233527587021552,-0.481760857062342,"changes,normal"
GSE52564,0.01822906942437401,-0.48211364428554104,"alternative,splicing"
GSE95008,0.018218894496727523,-0.4829191388294937,
GSE99735,0.018212908147658864,-0.48339325625247254,
GSE73532,0.018210839297495562,-0.4835571449285975,splicing
GSE92699,0.01821066589705407,-0.4835708820850214,
GSE99933,0.01820526070966854,-0.4839991582718485,stem
GSE60837,0.018202765415420243,-0.48419691404310855,stem
GSE66978,0.018200733849629783,-0.48435793866729854,
GSE74001,0.01819598257383835,-0.4847346013300169,stem
GSE68582,0.018194956522595077,-0.48481595559443086,stem
GSE86028,0.01818460899624794,-0.4856366539802501,
GSE86039,0.01818460899624794,-0.4856366539802501,
GSE86030,0.01818460899624794,-0.4856366539802501,
GSE86031,0.01818460899624794,-0.4856366539802501,
GSE85954,0.018180783534447565,-0.48594018293483016,
GSE85951,0.018180783534447565,-0.48594018293483016,
GSE73457,0.01816644425359856,-0.4870784931556062,
GSE79672,0.018160278620917385,-0.4875682223177557,
GSE84592,0.018155457632322274,-0.48795126378114273,
GSE86479,0.01815055424136114,-0.4883409566998138,
GSE48138,0.018124180576152383,-0.4904387894146494,genomic
GSE68715,0.018106963332587527,-0.4918099431293152,alternative
GSE67207,0.018098048172975927,-0.4925204445922615,normal
GSE101712,0.018068567363677047,-0.49487243833930655,
GSE70351,0.01805267049249002,-0.496142291759014,
GSE104513,0.018048376825307376,-0.49648546476041255,
GSE76184,0.018042394284069646,-0.4969637578192381,changes
GSE94382,0.018040177509550222,-0.4971410250954322,"changes,normal"
GSE99954,0.01801477262713097,-0.49917411646331916,genomic
GSE31555,0.01801096982233652,-0.49947869242849147,
GSE75229,0.017994021823835527,-0.500836881617175,alternative
GSE40171,0.017967848585847573,-0.5029368840300763,
GSE60647,0.017966417412968318,-0.5030518019759009,stem
GSE99659,0.017961910521294127,-0.5034137487001783,
GSE39509,0.01793618768054104,-0.5054812800181202,
GSE107849,0.017933366827849257,-0.5057081927999307,"changes,n3"
GSE56175,0.017917565756129433,-0.506979910305946,
GSE99058,0.017886787814993574,-0.5094602340405628,
GSE77029,0.01786890191435831,-0.5109035792813291,stem
GSE85731,0.01786031188187973,-0.5115972859812514,"changes,stem"
GSE76983,0.01783375471762897,-0.5137440795458131,stem
GSE60556,0.017830926114630226,-0.5139729228402018,stem
GSE42605,0.017822743750048168,-0.5146351075217411,"failure,inflammatory"
GSE64771,0.017818611761573254,-0.5149696177682177,
GSE73861,0.017804405232410322,-0.5161203170625325,
GSE72831,0.017802813746804452,-0.5162492812702739,changes
GSE109285,0.017780296870806084,-0.5180751469189667,changes
GSE110648,0.01776250717322076,-0.5195193273272785,
GSE49932,0.017755509563073386,-0.5200877947427464,"body,changes,normal"
GSE81316,0.017747568922879632,-0.5207331428595058,changes
GSE83796,0.017743913835038316,-0.5210302945540285,wildtype
GSE34550,0.017739496621279157,-0.5213894873337446,changes
GSE107670,0.01773084327494471,-0.5220934072921096,
GSE29087,0.017717180878236753,-0.5232054959584935,
GSE74490,0.017702565540582204,-0.5243961016789593,affected
GSE21180,0.0176921683133604,-0.5252436870087565,
GSE50612,0.017686839749761152,-0.5256782663120605,genomic
GSE61300,0.017684820507261206,-0.5258429829876714,
GSE92842,0.017684085705569893,-0.5259029279998166,stem
GSE60927,0.017655169019113435,-0.5282639268259337,changes
GSE49933,0.017652430167659598,-0.5284877498843752,"body,changes,normal"
GSE87388,0.017648698300423732,-0.5287927795878515,
GSE89378,0.017642244767003764,-0.5293204209573208,
GSE84448,0.017591523110048933,-0.5334741597092558,changes
GSE60648,0.017583881248754856,-0.5341010110996829,stem
GSE89263,0.017582093184806493,-0.5342477228592671,
GSE86301,0.017527119446814572,-0.538765648386537,changes
GSE89549,0.01751545117754555,-0.5397264086579655,stem
GSE65160,0.017511233278827625,-0.5400738661285869,
GSE83948,0.017506693884779687,-0.5404479009072696,
GSE92650,0.01749612519371139,-0.541319110658809,
GSE88996,0.017449443671790486,-0.545173518666591,
GSE98048,0.017428489469497817,-0.5469070231863766,changes
GSE87375,0.017424528462219816,-0.5472349446072817,
GSE72942,0.017422305572550707,-0.5474190044793042,changes
GSE75946,0.017392432808242604,-0.549894812226606,
GSE54006,0.017386490432279474,-0.5503878140574702,
GSE66578,0.017367090457740417,-0.5519984826131235,
GSE85131,0.01733669975196793,-0.5545252689641234,
GSE98816,0.017325129622652213,-0.5554884130974457,
GSE76362,0.017300235623360322,-0.5575628723997005,
GSE122331,0.017299026270243514,-0.5576637258659032,changes
GSE108811,0.01728192000529126,-0.559091050927,
GSE72546,0.017138606292131497,-0.5711047648519494,
GSE81941,0.01713723526152328,-0.5712201801981979,stem
GSE71295,0.017131871662537736,-0.571671784480626,
GSE85234,0.017087100503745994,-0.5754469513854871,
GSE78045,0.017085938539045144,-0.5755450615190432,stem
GSE99701,0.017077244081887058,-0.5762793871604907,body
GSE35857,0.01701416574210398,-0.58161814623863,
GSE81212,0.016959304402109722,-0.5862775614592641,
GSE99235,0.016767720039219502,-0.6026680250575075,
GSE83567,0.016670739864594237,-0.6110364253781579,
GSE62270,0.016638739656249145,-0.6138084024101532,"normal,stem"
GSE51144,0.016514989423160428,-0.624578513748327,
GSE86895,0.016324533305601033,-0.6413128115824328,
GSE78696,0.016313020356365362,-0.6423306375892023,
GSE93946,0.01609562021696359,-0.6616863897624703,
GSE84447,0.015970629342096056,-0.6729333943900975,genomic
GSE51372,0.015964680174893726,-0.6734709081483368,normal
GSE66882,0.01494772929422377,-0.7684282177850444,
GSE59831,0.014376868705977743,-0.8246050696091675,
